0.05 1.0 0.19897165713776932 0.0443294627572605 0.010711862073329938 0.002706185116853575 0.0006975978954719012 0.0001813469433581258 4.730314420468002e-05 1.2355006642810713e-05 3.2285008685054384e-06 8.437686020879384e-07 2.2052278459022688e-07 5.7635250835398605e-08 1.506301129836068e-08 3.936637444543818e-09 1.0288159590375228e-09 2.688715437074008e-10 7.02665229843412e-11 1.8363003785925923e-11 4.7988541202309345e-12 
0.1 1.0 0.39109420563688085 0.16908938055524753 0.07887152328988224 0.03841934710179971 0.019102207744913724 0.009583092823081535 0.0048256986792136365 0.002433773074267475 0.001228177119172322 0.0006199222876633011 0.00031292679888372034 0.00015796194926183103 7.973664197405929e-05 4.0249185926676047e-05 2.031656320349708e-05 1.0255063065860777e-05 5.176335682552562e-06 2.6127835939836906e-06 1.3188096106413737e-06 
0.15 1.0 0.56617467893368 0.3483015746888666 0.2290957771354473 0.15689384365389147 0.10964839400661998 0.07735614188754489 0.054805417433936396 0.03890064491194297 0.027633433560740255 0.019636118786370997 0.013955064140301633 0.009918054564830858 0.007048953906987293 0.0050098051342861785 0.0035605194677558604 0.0025304758041425966 0.0017984060898478221 0.0012781171740104229 0.0009083463007829856 
0.2 1.0 0.7084481583860067 0.5354708261634182 0.4278831877543779 0.35412647984388207 0.2986009518818985 0.2541158775723606 0.21721609905948056 0.18606117789281823 0.15952885297742184 0.1368405062475861 0.117402070360934 0.10073337496144094 0.08643412211177273 0.07416540869850927 0.06363817843558958 0.05460503675153934 0.04685391264050352 0.04020288926227358 0.034495871753107574 
0.25 1.0 0.7986554574338631 0.669370249610503 0.5861637093103871 0.5281962920244747 0.48354097920480055 0.44629954012403883 0.4136302111386337 0.38414064815075033 0.3571153846255255 0.3321560620879416 0.30901511683107574 0.28751883456465555 0.26753158745936884 0.248939069888028 0.2316403170540816 0.21554379431311727 0.20056538018097317 0.18662723612061372 0.17365709705180807 
0.3 1.0 0.8617456624121116 0.751134431924938 0.6787196393272181 0.6277372330682616 0.5881874248194243 0.5549615416761717 0.5255193759186296 0.4985866044737539 0.4735062533311698 0.4499239196298216 0.4276351331194985 0.4065108850826835 0.3864610033901023 0.3674159862441022 0.3493179069762952 0.33211580786931927 0.3157633298687532 0.3002174629887372 0.2854378622612426 
0.35 1.0 0.8600265646309331 0.7724695745592067 0.7117129051877404 0.6675679451186789 0.6327162140652776 0.6031311240195327 0.5767127123260724 0.5523700293218204 0.5295273019023194 0.5078715901820287 0.48722506538897015 0.4674800917853051 0.44856595817977496 0.4304316862685181 0.41303708497642266 0.39634807136177164 0.38033421376510557 0.3649674371754494 0.35022133729478677 
0.4 1.0 0.8943121757761313 0.8116892403180935 0.7538326548000488 0.7115895337953222 0.6781401715643339 0.6496969141357711 0.6242638915990553 0.6007901237378108 0.5787125466940225 0.5577211098757213 0.5376385461502833 0.51835824910304 0.49981175015311613 0.4819514743884347 0.4647414988688366 0.44815255770338475 0.4321593247001398 0.416738926980438 0.4018701272922611 
0.45 1.0 0.912558620637756 0.8345736368109119 0.7790171005779195 0.7380751326504547 0.7055127736210476 0.6777798593282478 0.6529696090678433 0.6300604076717029 0.6084962865387662 0.5879671584532202 0.568294343021335 0.5493703697976552 0.5311268908903788 0.5135173486282334 0.49650750703788815 0.48007023262553217 0.46418259722473054 0.44882426052255975 0.4339765620014247 
0.5 1.0 0.9202206122843775 0.847203799823739 0.7940914073442102 0.7545280519627086 0.7228772147432838 0.6958354914513593 0.6715983694860457 0.6491869710825932 0.6280635381367021 0.6079261717267417 0.5886003849992838 0.5699813890752319 0.5520029970801877 0.5346206600770023 0.5178021139186987 0.5015221796274358 0.485759855000691 0.47049668028583314 0.45571581617682483 
0.55 1.0 0.9271534343596538 0.85790128616443 0.8066218364241745 0.7680636401079213 0.7370544203473548 0.7104837898832336 0.6866282609904522 0.6645434999729656 0.6437068013787025 0.6238230954790419 0.6047212770972269 0.5862985314111033 0.5684901025677399 0.5512526842470522 0.5345552010258324 0.5183736508649293 0.5026882025369707 0.4874815549372866 0.47273800633740304 
0.6 1.0 0.9328044817470638 0.8666377272926655 0.8169574813414825 0.7793092997959725 0.7488787281966318 0.7227170143712469 0.6991758606097314 0.6773471119665297 0.6567261292307989 0.6370272620402418 0.6180846007195357 0.5997984268238113 0.5821060232761385 0.5649655816063157 0.5483472407855983 0.5322280578154388 0.5165891684940151 0.5014141777656596 0.4866882440645369 
