0.0 0.9999999999999046 4.2568117870052685e-14
0.03333333333333333 0.8697941560581566 0.06125022796205916
0.06666666666666667 0.7437574926011592 0.11265527367950395
0.1 0.6241211004002973 0.15275884484414737
0.13333333333333333 0.5137519070304645 0.17935989895609206
0.16666666666666666 0.41572259634945463 0.1898530577292581
0.2 0.33180074590684683 0.18340799806584407
0.23333333333333334 0.2608806375153976 0.16207324725512384
0.26666666666666666 0.20065625385275077 0.12811020217410984
0.3 0.14720670328148433 0.08520505452331317
