0.0 0.9999999999999802 7.131393164737429e-14
0.03333333333333333 0.8698043432230467 0.061250482300189577
0.06666666666666667 0.7437912956580297 0.1126703420344855
0.1 0.6243899726509301 0.15274103087050417
0.13333333333333333 0.514443041314301 0.17900802136725447
0.16666666666666666 0.41734902763900106 0.18864405217339675
0.2 0.33571318526511673 0.18082123027945096
0.23333333333333334 0.2672776046708951 0.1569016586009302
0.26666666666666666 0.2088784912085373 0.12102301957681849
0.3 0.15419585697598137 0.07804138879982148
