0.0 1.985143513505104 1.000099726038421
0.02142857142857143 1.8791241983585323 1.080310957066338
0.04285714285714286 1.7721404140332346 1.151266520213884
0.06428571428571428 1.6808948419666443 1.2119289458555578
0.08571428571428572 1.6066496066665898 1.2610381837063898
0.10714285714285715 1.5498268668014816 1.297601619479991
0.12857142857142856 1.5094815142684013 1.321681947673893
0.15 1.4827582656863285 1.3352939936381052
0.17142857142857143 1.4656718314753103 1.341727067330094
0.19285714285714287 1.4546843309760291 1.343995287086404
0.2142857142857143 1.4474574546847112 1.3440834877544496
0.2357142857142857 1.4425568507666924 1.3430693605068598
0.2571428571428571 1.43922657112968 1.341547802943861
0.2785714285714286 1.4369620527943017 1.339829659868057
0.3 1.4355036153390177 1.3381048830989926
