0.0 1.7728643894935136e-15 -1.3246542780231674e-16 0.999999999999986 9.074487041454597e-15
0.02142857142857143 0.0006053043757290322 -0.005460944505091325 0.9159114824712049 0.0404592734862747
0.04285714285714286 -0.0038055598412501945 -0.015215771540228351 0.8332671410005221 0.07698914244097194
0.06428571428571428 -0.012827791179992665 -0.028858504165176657 0.7525402914855579 0.10935466603104516
0.08571428571428572 -0.026005674215519914 -0.04595978848250826 0.6742810060776324 0.1371797381618769
0.10714285714285715 -0.04284471641552079 -0.06610583476653753 0.599150713247466 0.1599461476161621
0.12857142857142856 -0.0628902171050818 -0.08887220941970786 0.5279345683352431 0.17700283392695404
0.15 -0.08568665015401278 -0.11386928498995674 0.4615053247723022 0.1876270069580277
0.17142857142857143 -0.11070493233276846 -0.14089247641478364 0.4007740654200871 0.1911713397732555
0.19285714285714287 -0.13769965739791568 -0.16956922475176484 0.3463585916763514 0.1872508478939312
0.2142857142857143 -0.16636568227907444 -0.1996448146910046 0.2982245917131512 0.17612088263972536
0.2357142857142857 -0.19644517144996376 -0.23090836933591685 0.2554005586817083 0.15888266708754228
0.2571428571428571 -0.2277383281814167 -0.26320912947175445 0.21647711989581353 0.13701573997901306
0.2785714285714286 -0.2600588784783726 -0.29639694832434227 0.1799480837719898 0.11195566182922345
0.3 -0.2932404293463762 -0.33035108645322 0.14505594982067738 0.08453303604678464
