0.0 0.9938827156671798 -5.557758387560958e-14
0.03333333333333333 0.8697443045369495 0.06125074952940662
0.06666666666666667 0.7436321572303908 0.11268363648311708
0.1 0.6236750710748928 0.15300299944139406
0.13333333333333333 0.5125023066349789 0.1801273527308218
0.16666666666666666 0.4133839604254732 0.19142613545440756
0.2 0.32916268462597476 0.1848815889519564
0.23333333333333334 0.2595174628693133 0.16152482256583411
0.26666666666666666 0.20003431425693652 0.1260509252226667
0.3 0.1457355763870991 0.0835204273112442
