0.0 1.0000000000000278 1.303889620466124e-13
0.03333333333333333 0.8724347404738959 0.05862179793000179
0.06666666666666667 0.7510592640522242 0.10477507992958512
0.1 0.6372255196921132 0.13883423823724494
0.13333333333333333 0.5306299821579126 0.15990416879160496
0.16666666666666666 0.4350970389753719 0.16694002063376656
0.2 0.3522682027253339 0.1587257952376584
0.23333333333333334 0.2816186990572733 0.1364412704093021
0.26666666666666666 0.21987148106531684 0.10320712462222659
0.3 0.16207334633257453 0.06329204511773323
