#t	m	dm	e	de	x	dx	h	dh
0.8739	0.9828	0.7374	0.9479	0.6640	0.7991	0.4278	0.4765	0.3124	0.3549	
0.7679	0.9702	0.5595	0.9121	0.4702	0.6509	0.1991	0.2250	0.1193	0.1406	
0.6762	0.9579	0.4296	0.8847	0.3488	0.5352	0.0842	0.0950	0.0434	0.0564	
0.6000	0.9461	0.3265	0.8587	0.2731	0.4444	0.0378	0.0454	-0.0045	0.0108	
0.5329	0.9354	0.2491	0.8322	0.2085	0.3707	0.0127	0.0169	-0.0210	-0.0058	
0.4755	0.9245	0.1928	0.8092	0.1638	0.3092	0.0038	0.0034	-0.0211	-0.0150	
0.4245	0.9139	0.1524	0.7861	0.1340	0.2560	-0.0088	-0.0016	-0.0099	-0.0049	
0.3758	0.9035	0.1210	0.7652	0.1125	0.2112	-0.0202	0.0016	-0.0208	-0.0175	
0.3350	0.8932	0.0951	0.7450	0.0895	0.1732	-0.0100	-0.0019	-0.0291	-0.0225	
0.2940	0.8827	0.0800	0.7252	0.0660	0.1424	0.0035	0.0064	-0.0012	-0.0002	
0.2575	0.8730	0.0703	0.7075	0.0540	0.1130	0.0064	0.0027	0.0054	0.0068	
0.2278	0.8637	0.0611	0.6895	0.0355	0.0908	0.0098	-0.0050	0.0053	0.0093	
0.2024	0.8548	0.0593	0.6719	0.0290	0.0738	0.0006	-0.0092	-0.0018	0.0013	
0.1764	0.8462	0.0634	0.6545	0.0334	0.0648	-0.0097	-0.0062	0.0090	0.0055	
0.1533	0.8377	0.0639	0.6369	0.0347	0.0570	0.0063	0.0049	-0.0076	-0.0096	
0.1322	0.8291	0.0570	0.6203	0.0270	0.0465	0.0053	0.0023	-0.0206	-0.0224	
0.1136	0.8209	0.0516	0.6036	0.0227	0.0346	0.0123	0.0088	-0.0178	-0.0119	
0.0958	0.8130	0.0528	0.5885	0.0159	0.0236	0.0033	0.0136	-0.0099	-0.0148	
0.0852	0.8054	0.0605	0.5753	0.0017	0.0155	0.0086	0.0065	-0.0084	-0.0057	
0.0772	0.7978	0.0621	0.5629	-0.0203	0.0091	0.0051	0.0026	-0.0056	-0.0020	
0.0703	0.7904	0.0585	0.5502	-0.0234	0.0057	0.0114	0.0079	0.0076	0.0084	
0.0607	0.7831	0.0562	0.5377	-0.0163	0.0031	0.0137	0.0105	0.0163	0.0166	
0.0527	0.7759	0.0453	0.5251	-0.0130	0.0026	0.0228	0.0180	0.0025	0.0111	
0.0468	0.7681	0.0373	0.5121	-0.0076	0.0002	0.0244	0.0147	0.0061	0.0134	
0.0431	0.7604	0.0214	0.5003	-0.0095	0.0018	0.0252	0.0077	-0.0053	-0.0062	
0.0388	0.7533	0.0208	0.4897	-0.0088	-0.0027	0.0153	-0.0039	-0.0121	-0.0010	
0.0352	0.7462	0.0237	0.4793	-0.0108	-0.0085	0.0045	0.0016	-0.0081	0.0013	
0.0336	0.7391	0.0311	0.4702	-0.0078	-0.0095	-0.0016	0.0070	0.0040	-0.0001	
0.0291	0.7324	0.0281	0.4610	-0.0116	-0.0068	0.0023	-0.0001	0.0042	-0.0009	
0.0208	0.7254	0.0240	0.4507	-0.0140	-0.0039	-0.0104	-0.0155	0.0046	0.0032	
0.0168	0.7187	0.0301	0.4414	-0.0173	0.0020	-0.0227	-0.0219	-0.0151	-0.0096	
0.0156	0.7123	0.0376	0.4322	-0.0165	0.0028	-0.0127	-0.0112	-0.0031	-0.0056	
0.0189	0.7057	0.0447	0.4241	-0.0177	0.0040	-0.0205	-0.0132	-0.0071	0.0001	
0.0240	0.6991	0.0504	0.4171	-0.0204	0.0077	-0.0167	-0.0011	-0.0056	0.0119	
0.0293	0.6927	0.0509	0.4089	-0.0192	0.0078	0.0002	0.0162	-0.0103	-0.0005	
0.0322	0.6869	0.0459	0.4010	-0.0061	0.0071	0.0177	0.0214	0.0020	-0.0016	
0.0321	0.6813	0.0358	0.3932	0.0016	0.0022	0.0118	0.0129	0.0140	0.0187	
0.0368	0.6757	0.0278	0.3836	0.0114	-0.0036	-0.0072	0.0005	-0.0144	-0.0044	
0.0366	0.6706	0.0234	0.3752	0.0158	-0.0030	-0.0115	-0.0050	-0.0227	-0.0116	
0.0343	0.6652	0.0214	0.3673	0.0293	-0.0006	-0.0132	-0.0204	0.0017	-0.0110	
0.0322	0.6597	0.0259	0.3588	0.0255	-0.0033	0.0061	0.0050	0.0024	0.0015	
0.0289	0.6541	0.0338	0.3507	0.0183	-0.0110	0.0128	0.0172	-0.0139	-0.0165	
0.0264	0.6485	0.0430	0.3440	0.0126	-0.0183	0.0010	0.0127	0.0076	0.0023	
0.0216	0.6427	0.0508	0.3378	0.0020	-0.0125	-0.0004	0.0109	0.0097	0.0058	
0.0167	0.6371	0.0542	0.3294	-0.0046	-0.0186	-0.0075	-0.0022	0.0021	0.0032	
0.0136	0.6314	0.0555	0.3214	-0.0082	-0.0171	-0.0050	-0.0029	0.0085	0.0013	
0.0115	0.6257	0.0590	0.3130	-0.0113	-0.0160	-0.0086	-0.0188	-0.0076	-0.0174	
0.0107	0.6199	0.0605	0.3059	-0.0167	-0.0161	-0.0074	-0.0188	-0.0142	-0.0111	
0.0092	0.6151	0.0577	0.2983	-0.0191	-0.0147	-0.0087	-0.0129	-0.0131	-0.0013	
0.0070	0.6103	0.0573	0.2924	-0.0212	-0.0121	-0.0124	-0.0034	0.0115	0.0162	
0.0057	0.6053	0.0534	0.2863	-0.0168	-0.0143	0.0074	0.0173	0.0178	0.0132	
0.0000	0.6002	0.0489	0.2801	-0.0178	-0.0145	-0.0009	0.0093	0.0107	0.0038	
-0.0010	0.5954	0.0497	0.2747	-0.0152	-0.0145	0.0064	0.0052	0.0025	0.0097	
-0.0012	0.5913	0.0566	0.2692	-0.0085	-0.0043	0.0092	0.0050	-0.0108	0.0005	
-0.0006	0.5876	0.0589	0.2631	0.0004	-0.0002	0.0071	0.0072	-0.0084	-0.0129	
0.0001	0.5836	0.0583	0.2579	-0.0018	-0.0005	0.0142	0.0142	-0.0153	-0.0119	
0.0032	0.5798	0.0578	0.2519	0.0022	0.0013	0.0077	0.0050	-0.0038	-0.0002	
0.0071	0.5761	0.0592	0.2465	0.0065	0.0006	-0.0109	-0.0047	0.0116	0.0112	
0.0090	0.5725	0.0517	0.2405	0.0069	-0.0011	0.0020	-0.0040	0.0172	0.0149	
0.0135	0.5682	0.0460	0.2355	-0.0035	-0.0029	-0.0038	-0.0181	0.0068	0.0055	
0.0174	0.5639	0.0432	0.2299	-0.0091	-0.0122	-0.0000	-0.0099	-0.0119	-0.0042	
0.0159	0.5600	0.0416	0.2257	-0.0180	-0.0190	-0.0064	-0.0069	-0.0121	-0.0054	
0.0160	0.5560	0.0416	0.2216	-0.0278	-0.0206	-0.0031	0.0037	-0.0120	-0.0031	
0.0186	0.5524	0.0348	0.2168	-0.0188	-0.0257	-0.0037	0.0080	0.0005	0.0136	
0.0196	0.5488	0.0229	0.2124	-0.0124	-0.0254	0.0065	0.0093	0.0116	0.0166	
0.0201	0.5449	0.0158	0.2083	-0.0033	-0.0194	-0.0103	-0.0089	-0.0054	-0.0066	
0.0202	0.5407	0.0119	0.2039	-0.0028	-0.0162	-0.0212	-0.0220	0.0065	0.0072	
0.0199	0.5366	0.0111	0.2003	-0.0006	-0.0142	-0.0285	-0.0309	0.0034	0.0036	
0.0207	0.5325	0.0192	0.1984	0.0022	-0.0168	-0.0278	-0.0244	0.0017	0.0035	
0.0217	0.5284	0.0234	0.1963	-0.0011	-0.0128	-0.0242	-0.0145	0.0206	0.0152	
0.0167	0.5246	0.0257	0.1952	-0.0109	-0.0110	-0.0141	-0.0113	0.0209	0.0246	
0.0121	0.5206	0.0242	0.1931	-0.0097	-0.0146	-0.0147	-0.0203	0.0269	0.0408	
0.0092	0.5171	0.0229	0.1910	-0.0127	-0.0137	-0.0177	-0.0202	0.0200	0.0149	
0.0099	0.5138	0.0195	0.1885	-0.0178	-0.0123	-0.0075	-0.0113	0.0162	0.0089	
0.0095	0.5110	0.0142	0.1862	-0.0226	-0.0093	-0.0069	-0.0127	-0.0117	-0.0106	
0.0107	0.5080	0.0097	0.1835	-0.0247	-0.0104	-0.0001	-0.0019	-0.0078	-0.0019	
0.0089	0.5049	0.0031	0.1809	-0.0203	-0.0095	0.0173	0.0065	-0.0001	0.0078	
0.0053	0.5023	-0.0013	0.1785	-0.0157	-0.0098	-0.0027	-0.0060	0.0144	0.0083	
0.0043	0.4998	-0.0065	0.1766	-0.0148	-0.0100	0.0011	0.0027	-0.0068	-0.0108	
-0.0004	0.4974	-0.0073	0.1745	-0.0162	-0.0090	-0.0020	-0.0005	0.0006	0.0046	
-0.0047	0.4955	-0.0083	0.1722	-0.0195	-0.0075	-0.0063	0.0000	0.0002	-0.0008	
-0.0040	0.4935	-0.0047	0.1702	-0.0189	-0.0077	-0.0137	-0.0125	-0.0043	0.0000	
-0.0027	0.4915	-0.0006	0.1677	-0.0090	-0.0076	-0.0125	-0.0103	-0.0063	-0.0019	
-0.0020	0.4895	0.0119	0.1661	-0.0069	-0.0079	-0.0022	-0.0072	0.0103	0.0011	
0.0007	0.4874	0.0151	0.1647	-0.0168	-0.0079	0.0071	0.0024	0.0084	0.0034	
0.0048	0.4854	0.0095	0.1644	-0.0224	-0.0057	0.0001	-0.0017	-0.0010	-0.0007	
0.0084	0.4833	0.0044	0.1618	-0.0240	0.0018	0.0071	0.0170	-0.0129	-0.0148	
0.0130	0.4811	0.0012	0.1582	-0.0317	-0.0000	0.0059	0.0106	-0.0033	-0.0095	
0.0160	0.4792	-0.0037	0.1536	-0.0277	0.0053	0.0011	-0.0040	-0.0091	-0.0169	
0.0196	0.4773	-0.0033	0.1490	-0.0269	0.0119	0.0136	0.0018	-0.0099	-0.0097	
0.0235	0.4751	-0.0095	0.1442	-0.0225	0.0165	0.0088	-0.0047	0.0030	-0.0048	
0.0260	0.4729	-0.0085	0.1410	-0.0196	0.0187	0.0192	0.0179	0.0001	0.0006	
0.0308	0.4707	0.0016	0.1382	-0.0221	0.0160	0.0184	0.0158	0.0023	0.0025	
0.0320	0.4687	0.0059	0.1370	-0.0219	0.0178	0.0275	0.0196	0.0241	0.0213	
0.0320	0.4670	0.0095	0.1356	-0.0215	0.0200	0.0214	0.0232	0.0129	0.0232	
0.0282	0.4654	0.0066	0.1337	-0.0196	0.0248	0.0156	0.0207	0.0016	0.0106	
0.0244	0.4638	0.0054	0.1323	-0.0163	0.0210	0.0153	0.0220	0.0081	0.0097	
0.0222	0.4624	0.0091	0.1315	-0.0186	0.0176	0.0209	0.0186	-0.0019	0.0011	
0.0211	0.4603	0.0080	0.1306	-0.0263	0.0078	0.0092	0.0090	0.0130	0.0151	
0.0180	0.4586	0.0098	0.1297	-0.0282	0.0028	0.0289	0.0146	-0.0086	-0.0063	
0.0152	0.4571	0.0121	0.1284	-0.0267	0.0001	0.0323	0.0129	-0.0199	-0.0247	
0.0124	0.4551	0.0148	0.1268	-0.0228	-0.0008	0.0192	-0.0086	-0.0015	-0.0060	
0.0115	0.4534	0.0168	0.1263	-0.0283	0.0005	0.0038	-0.0135	-0.0027	-0.0044	
0.0101	0.4510	0.0128	0.1256	-0.0336	-0.0048	-0.0098	-0.0146	0.0097	-0.0015	
0.0108	0.4488	0.0130	0.1258	-0.0280	-0.0048	-0.0036	-0.0089	-0.0010	-0.0070	
0.0090	0.4468	0.0092	0.1256	-0.0231	-0.0059	0.0059	0.0025	0.0149	-0.0072	
0.0102	0.4445	0.0069	0.1253	-0.0085	-0.0063	0.0181	0.0178	0.0086	0.0041	
0.0144	0.4425	0.0133	0.1246	-0.0036	-0.0095	0.0036	0.0109	-0.0003	-0.0040	
0.0202	0.4407	0.0113	0.1242	0.0080	-0.0082	-0.0022	0.0009	-0.0130	-0.0165	
0.0275	0.4391	0.0018	0.1239	0.0116	-0.0053	-0.0056	-0.0032	-0.0185	-0.0252	
0.0314	0.4376	-0.0055	0.1237	0.0070	-0.0041	-0.0114	-0.0090	-0.0145	-0.0127	
0.0347	0.4359	-0.0127	0.1221	-0.0018	0.0037	-0.0063	-0.0073	-0.0104	-0.0111	
0.0406	0.4339	-0.0124	0.1200	-0.0067	0.0054	0.0062	-0.0044	-0.0100	-0.0090	
0.0486	0.4324	-0.0149	0.1187	-0.0096	0.0085	-0.0052	-0.0108	0.0044	0.0053	
0.0592	0.4302	-0.0140	0.1174	-0.0032	0.0110	0.0149	0.0043	0.0033	0.0043	
0.0630	0.4280	-0.0178	0.1162	-0.0034	0.0084	0.0267	0.0005	-0.0037	-0.0033	
0.0680	0.4258	-0.0172	0.1166	-0.0062	0.0081	0.0223	0.0015	0.0202	0.0043	
0.0673	0.4237	-0.0150	0.1168	-0.0063	0.0080	0.0160	-0.0019	0.0091	0.0087	
0.0673	0.4221	-0.0143	0.1169	0.0026	0.0053	0.0142	0.0014	0.0166	0.0089	
0.0635	0.4208	-0.0086	0.1166	0.0080	-0.0011	0.0056	0.0047	-0.0037	-0.0026	
0.0629	0.4200	-0.0040	0.1161	0.0104	-0.0000	0.0040	0.0037	-0.0122	-0.0157	
0.0569	0.4195	-0.0020	0.1146	0.0186	0.0026	-0.0082	-0.0077	-0.0082	-0.0073	
0.0488	0.4185	-0.0076	0.1132	0.0176	0.0033	-0.0114	-0.0200	0.0025	0.0114	
0.0462	0.4175	-0.0088	0.1124	0.0238	0.0049	0.0136	-0.0025	0.0032	0.0073	
0.0449	0.4166	-0.0072	0.1124	0.0186	0.0137	0.0173	0.0085	0.0164	0.0144	
0.0432	0.4155	-0.0114	0.1119	0.0225	0.0212	0.0210	0.0124	0.0116	0.0192	
0.0413	0.4139	-0.0144	0.1113	0.0313	0.0292	0.0282	0.0119	0.0141	0.0209	
0.0377	0.4122	-0.0091	0.1105	0.0210	0.0310	0.0118	0.0056	-0.0069	-0.0036	
0.0331	0.4104	-0.0054	0.1106	0.0175	0.0330	0.0001	0.0035	-0.0039	-0.0070	
0.0301	0.4085	0.0019	0.1100	0.0088	0.0260	0.0107	0.0137	-0.0038	-0.0023	
0.0277	0.4065	0.0013	0.1090	0.0124	0.0239	0.0109	0.0087	0.0066	-0.0034	
0.0223	0.4047	-0.0084	0.1083	0.0088	0.0213	0.0026	-0.0007	-0.0017	-0.0015	
0.0178	0.4027	-0.0151	0.1076	0.0072	0.0191	0.0017	0.0049	-0.0024	-0.0018	
0.0158	0.4006	-0.0172	0.1070	0.0067	0.0174	0.0046	0.0024	0.0047	-0.0053	
0.0124	0.3984	-0.0135	0.1063	0.0082	0.0161	0.0002	0.0028	0.0010	-0.0031	
0.0082	0.3965	-0.0131	0.1045	0.0067	0.0075	0.0016	0.0149	0.0046	0.0025	
0.0072	0.3945	-0.0034	0.1035	0.0087	-0.0024	-0.0082	0.0053	0.0084	-0.0003	
0.0096	0.3921	-0.0002	0.1033	0.0138	-0.0106	-0.0028	0.0018	0.0022	-0.0051	
0.0135	0.3898	0.0062	0.1031	0.0104	-0.0200	-0.0051	-0.0124	0.0031	0.0042	
0.0181	0.3875	0.0103	0.1031	-0.0059	-0.0309	-0.0136	-0.0144	0.0149	0.0030	
0.0201	0.3852	0.0144	0.1029	-0.0028	-0.0326	-0.0159	-0.0136	-0.0005	0.0002	
0.0233	0.3827	0.0248	0.1033	-0.0011	-0.0259	-0.0268	-0.0148	0.0148	0.0186	
0.0267	0.3808	0.0275	0.1042	-0.0014	-0.0215	-0.0132	-0.0041	0.0043	0.0117	
0.0340	0.3789	0.0339	0.1050	-0.0204	-0.0148	-0.0225	-0.0085	0.0142	0.0116	
0.0400	0.3775	0.0333	0.1059	-0.0172	-0.0142	-0.0184	-0.0086	0.0110	0.0096	
0.0424	0.3762	0.0369	0.1066	-0.0257	-0.0172	0.0033	0.0079	0.0064	0.0083	
0.0420	0.3745	0.0280	0.1076	-0.0293	-0.0166	0.0089	0.0124	-0.0052	-0.0013	
0.0420	0.3726	0.0224	0.1082	-0.0198	-0.0121	0.0109	0.0037	-0.0093	-0.0040	
0.0442	0.3709	0.0151	0.1093	-0.0128	-0.0092	0.0077	-0.0049	-0.0024	0.0101	
0.0440	0.3691	0.0135	0.1106	-0.0100	-0.0083	0.0151	-0.0037	-0.0005	0.0078	
0.0439	0.3673	0.0110	0.1110	-0.0152	-0.0095	0.0060	-0.0160	0.0088	0.0027	
0.0463	0.3650	0.0120	0.1114	-0.0137	-0.0137	0.0153	-0.0141	-0.0088	-0.0049	
0.0523	0.3631	0.0095	0.1120	-0.0132	-0.0148	0.0062	-0.0140	-0.0227	-0.0193	
0.0596	0.3615	0.0127	0.1127	-0.0081	-0.0101	0.0048	-0.0130	-0.0042	-0.0135	
0.0656	0.3597	0.0077	0.1130	0.0025	-0.0061	0.0062	-0.0048	-0.0072	-0.0136	
0.0724	0.3582	0.0012	0.1133	0.0058	-0.0058	-0.0033	-0.0131	-0.0101	-0.0025	
0.0795	0.3570	-0.0020	0.1139	0.0012	-0.0073	-0.0098	-0.0052	0.0010	0.0085	
0.0804	0.3556	0.0057	0.1140	-0.0081	-0.0063	-0.0074	-0.0042	0.0145	0.0150	
0.0796	0.3541	0.0047	0.1137	-0.0114	0.0023	-0.0045	0.0015	0.0049	-0.0001	
0.0768	0.3523	-0.0017	0.1136	-0.0066	0.0121	-0.0155	-0.0101	0.0048	0.0064	
0.0742	0.3506	0.0005	0.1142	0.0043	0.0209	-0.0148	-0.0073	-0.0046	0.0055	
0.0717	0.3487	-0.0019	0.1159	0.0100	0.0201	-0.0181	-0.0085	-0.0004	-0.0074	
0.0703	0.3470	0.0028	0.1173	0.0288	0.0198	-0.0257	-0.0096	-0.0159	-0.0214	
0.0627	0.3455	0.0024	0.1176	0.0266	0.0202	-0.0060	-0.0014	-0.0107	-0.0114	
0.0584	0.3441	0.0048	0.1183	0.0231	0.0200	0.0013	-0.0008	-0.0264	-0.0324	
0.0544	0.3431	0.0075	0.1186	0.0240	0.0196	0.0124	-0.0010	-0.0213	-0.0304	
0.0497	0.3418	0.0138	0.1182	0.0288	0.0191	0.0055	0.0007	-0.0158	-0.0280	
0.0452	0.3408	0.0189	0.1179	0.0256	0.0243	0.0031	-0.0036	0.0064	-0.0098	
0.0401	0.3397	0.0110	0.1176	0.0167	0.0235	0.0076	-0.0020	-0.0076	-0.0115	
0.0304	0.3384	0.0011	0.1171	0.0098	0.0198	0.0127	0.0056	-0.0064	-0.0037	
0.0227	0.3372	-0.0024	0.1169	0.0148	0.0227	0.0185	0.0245	-0.0072	0.0034	
0.0161	0.3357	-0.0039	0.1172	0.0123	0.0194	0.0070	0.0228	-0.0003	0.0039	
0.0099	0.3339	0.0017	0.1174	0.0068	0.0178	0.0046	0.0061	0.0064	0.0091	
0.0071	0.3319	-0.0031	0.1176	0.0083	0.0168	0.0041	0.0022	-0.0046	0.0015	
0.0079	0.3298	-0.0006	0.1172	0.0115	0.0206	0.0086	0.0045	-0.0125	-0.0080	
0.0062	0.3276	-0.0045	0.1161	0.0166	0.0223	-0.0099	-0.0026	-0.0110	-0.0046	
0.0066	0.3248	-0.0064	0.1163	0.0105	0.0169	-0.0058	0.0034	-0.0043	-0.0025	
0.0091	0.3217	-0.0149	0.1170	0.0203	0.0139	0.0001	0.0093	0.0059	-0.0038	
0.0118	0.3190	-0.0193	0.1177	0.0235	0.0107	-0.0020	0.0037	0.0069	0.0098	
0.0154	0.3163	-0.0165	0.1173	0.0178	0.0027	-0.0016	0.0036	0.0151	0.0233	
0.0164	0.3135	-0.0114	0.1179	0.0210	0.0023	0.0049	0.0007	-0.0044	0.0034	
0.0192	0.3107	-0.0088	0.1199	0.0190	0.0027	-0.0099	-0.0030	0.0103	0.0067	
0.0193	0.3080	-0.0098	0.1227	0.0117	0.0004	-0.0025	-0.0083	0.0145	0.0093	
0.0166	0.3055	-0.0106	0.1236	0.0121	-0.0022	-0.0084	0.0014	0.0040	0.0074	
0.0146	0.3028	-0.0029	0.1236	0.0126	-0.0037	-0.0101	0.0025	-0.0093	-0.0067	
0.0114	0.3003	-0.0028	0.1243	0.0072	-0.0012	-0.0169	-0.0112	-0.0146	-0.0066	
0.0067	0.2981	-0.0002	0.1248	0.0001	-0.0016	-0.0026	-0.0055	-0.0120	-0.0134	
0.0057	0.2960	0.0010	0.1257	-0.0031	0.0011	0.0016	0.0002	0.0107	-0.0037	
0.0045	0.2936	-0.0054	0.1262	0.0040	0.0028	-0.0029	0.0129	0.0055	-0.0014	
0.0057	0.2920	-0.0111	0.1269	0.0162	0.0015	0.0130	0.0137	0.0029	-0.0045	
0.0087	0.2905	-0.0128	0.1270	0.0088	0.0006	0.0247	0.0247	-0.0074	-0.0010	
0.0090	0.2896	-0.0061	0.1280	0.0157	0.0013	0.0297	0.0300	0.0005	-0.0039	
0.0100	0.2886	0.0074	0.1300	0.0140	0.0052	0.0136	0.0150	-0.0106	-0.0114	
0.0093	0.2879	0.0076	0.1317	0.0108	0.0075	0.0190	0.0062	-0.0120	-0.0058	
0.0108	0.2871	0.0212	0.1329	-0.0016	0.0091	0.0065	-0.0119	-0.0019	0.0027	
0.0119	0.2865	0.0288	0.1329	-0.0000	0.0132	0.0029	-0.0143	0.0037	0.0020	
0.0159	0.2858	0.0271	0.1324	0.0076	0.0108	-0.0085	-0.0184	0.0014	0.0090	
0.0162	0.2844	0.0318	0.1322	-0.0009	0.0129	-0.0211	-0.0208	0.0016	0.0101	
0.0163	0.2831	0.0342	0.1311	0.0005	0.0199	-0.0018	-0.0046	-0.0080	0.0043	
0.0171	0.2822	0.0409	0.1302	0.0001	0.0276	0.0062	0.0133	-0.0019	-0.0037	
0.0199	0.2814	0.0408	0.1295	0.0058	0.0401	0.0262	0.0171	0.0027	-0.0036	
0.0275	0.2804	0.0312	0.1292	0.0103	0.0469	0.0297	0.0264	-0.0107	-0.0118	
0.0359	0.2796	0.0241	0.1291	0.0105	0.0549	0.0122	0.0202	-0.0184	-0.0137	
0.0442	0.2790	0.0228	0.1293	0.0122	0.0567	0.0091	0.0142	-0.0113	-0.0124	
0.0479	0.2788	0.0214	0.1296	0.0182	0.0487	-0.0033	-0.0049	-0.0197	-0.0186	
0.0520	0.2785	0.0141	0.1297	0.0100	0.0384	-0.0168	-0.0173	-0.0146	-0.0164	
0.0555	0.2781	0.0106	0.1294	-0.0011	0.0243	-0.0016	-0.0009	-0.0257	-0.0262	
0.0549	0.2779	0.0125	0.1286	-0.0052	0.0192	0.0084	0.0015	-0.0207	-0.0116	
0.0525	0.2778	0.0129	0.1272	-0.0044	0.0155	0.0059	-0.0062	0.0100	0.0106	
0.0521	0.2774	0.0124	0.1263	-0.0036	0.0131	-0.0063	-0.0174	0.0085	0.0085	
0.0488	0.2771	0.0114	0.1258	-0.0061	0.0028	-0.0192	-0.0267	0.0022	0.0052	
0.0433	0.2768	0.0042	0.1254	-0.0167	-0.0079	-0.0172	-0.0320	-0.0015	-0.0157	
0.0370	0.2766	-0.0001	0.1255	-0.0127	-0.0189	-0.0213	-0.0298	-0.0017	-0.0087	
0.0304	0.2764	0.0007	0.1261	-0.0069	-0.0268	-0.0132	-0.0196	-0.0006	0.0015	
0.0285	0.2760	0.0014	0.1262	-0.0175	-0.0322	-0.0134	-0.0179	-0.0212	-0.0075	
0.0264	0.2755	-0.0025	0.1265	-0.0302	-0.0391	-0.0079	-0.0018	-0.0003	0.0015	
0.0206	0.2745	-0.0113	0.1264	-0.0449	-0.0445	-0.0134	0.0026	-0.0058	-0.0017	
0.0184	0.2737	-0.0140	0.1264	-0.0474	-0.0442	0.0051	0.0177	-0.0131	-0.0179	
0.0150	0.2726	-0.0160	0.1267	-0.0527	-0.0415	0.0128	0.0137	-0.0149	-0.0233	
0.0125	0.2714	-0.0099	0.1258	-0.0499	-0.0371	0.0103	0.0080	-0.0081	-0.0088	
0.0086	0.2707	-0.0034	0.1259	-0.0445	-0.0373	-0.0022	-0.0029	-0.0062	0.0023	
0.0045	0.2699	0.0040	0.1252	-0.0355	-0.0396	0.0020	-0.0022	0.0144	0.0093	
0.0053	0.2695	0.0067	0.1256	-0.0172	-0.0354	0.0120	-0.0033	0.0179	0.0086	
0.0056	0.2692	0.0199	0.1251	-0.0093	-0.0299	0.0047	-0.0117	0.0163	0.0037	
0.0038	0.2686	0.0239	0.1246	-0.0118	-0.0292	-0.0087	-0.0136	0.0178	0.0066	
0.0001	0.2675	0.0208	0.1235	-0.0130	-0.0277	-0.0012	-0.0028	0.0035	-0.0073	
-0.0017	0.2662	0.0225	0.1228	-0.0082	-0.0288	-0.0085	-0.0021	0.0013	0.0048	
-0.0071	0.2648	0.0210	0.1212	0.0016	-0.0321	-0.0117	-0.0142	0.0076	0.0098	
-0.0092	0.2629	0.0169	0.1205	0.0019	-0.0299	-0.0024	-0.0079	0.0057	0.0143	
-0.0101	0.2610	0.0173	0.1189	-0.0058	-0.0360	-0.0020	-0.0080	-0.0120	-0.0150	
-0.0146	0.2588	0.0211	0.1178	-0.0169	-0.0376	0.0086	0.0068	-0.0123	-0.0211	
-0.0172	0.2563	0.0201	0.1163	-0.0109	-0.0360	0.0111	0.0081	0.0032	0.0022	
-0.0174	0.2540	0.0169	0.1156	-0.0058	-0.0341	0.0088	-0.0011	0.0149	0.0080	
-0.0179	0.2519	0.0127	0.1152	-0.0080	-0.0286	0.0087	-0.0050	0.0033	0.0002	
-0.0179	0.2503	0.0055	0.1151	-0.0082	-0.0273	-0.0116	-0.0032	0.0061	0.0013	
-0.0151	0.2487	0.0025	0.1144	-0.0028	-0.0221	-0.0115	0.0029	0.0005	0.0010	
-0.0150	0.2469	0.0055	0.1128	-0.0077	-0.0227	-0.0131	-0.0077	-0.0038	-0.0024	
-0.0147	0.2453	0.0032	0.1106	-0.0088	-0.0204	-0.0102	-0.0117	0.0090	0.0056	
-0.0154	0.2439	0.0040	0.1082	-0.0076	-0.0208	-0.0156	-0.0140	-0.0102	-0.0103	
-0.0152	0.2421	0.0083	0.1055	-0.0060	-0.0245	-0.0069	-0.0091	-0.0215	-0.0192	
-0.0166	0.2402	0.0068	0.1021	-0.0136	-0.0265	0.0015	0.0009	-0.0269	-0.0188	
-0.0159	0.2382	0.0099	0.0987	-0.0111	-0.0256	0.0012	0.0023	-0.0188	-0.0144	
-0.0179	0.2361	0.0138	0.0943	-0.0093	-0.0303	0.0058	0.0056	-0.0147	-0.0063	
-0.0197	0.2343	0.0281	0.0903	-0.0143	-0.0352	0.0026	0.0030	-0.0120	-0.0049	
-0.0172	0.2322	0.0303	0.0867	-0.0254	-0.0388	-0.0020	-0.0050	-0.0036	-0.0113	
-0.0154	0.2311	0.0373	0.0832	-0.0318	-0.0446	0.0079	-0.0003	0.0128	-0.0079	
-0.0175	0.2306	0.0294	0.0799	-0.0432	-0.0505	-0.0007	-0.0168	0.0106	-0.0024	
-0.0189	0.2297	0.0245	0.0775	-0.0419	-0.0461	0.0141	-0.0006	0.0048	-0.0030	
-0.0180	0.2290	0.0160	0.0760	-0.0457	-0.0416	0.0187	-0.0080	0.0052	0.0014	
-0.0212	0.2279	0.0160	0.0749	-0.0452	-0.0406	0.0161	0.0071	-0.0067	0.0003	
-0.0241	0.2272	0.0196	0.0736	-0.0360	-0.0440	0.0170	0.0156	0.0040	0.0046	
-0.0272	0.2264	0.0198	0.0744	-0.0275	-0.0399	0.0015	0.0149	0.0040	-0.0034	
-0.0297	0.2255	0.0131	0.0730	-0.0200	-0.0409	-0.0106	0.0039	0.0020	0.0048	
-0.0314	0.2244	0.0043	0.0711	-0.0138	-0.0468	-0.0073	0.0044	0.0191	0.0142	
-0.0346	0.2237	-0.0006	0.0712	-0.0155	-0.0523	0.0038	0.0088	0.0020	0.0067	
-0.0355	0.2229	-0.0120	0.0726	-0.0137	-0.0491	0.0026	0.0066	0.0033	0.0222	
-0.0331	0.2224	-0.0182	0.0726	-0.0221	-0.0478	0.0019	-0.0046	0.0009	0.0076	
-0.0341	0.2219	-0.0233	0.0737	-0.0243	-0.0504	0.0076	0.0041	-0.0031	0.0064	
-0.0345	0.2213	-0.0277	0.0748	-0.0210	-0.0449	0.0044	0.0100	0.0059	0.0097	
-0.0349	0.2203	-0.0311	0.0764	-0.0230	-0.0422	0.0052	0.0074	0.0044	0.0083	
-0.0351	0.2194	-0.0315	0.0772	-0.0251	-0.0391	-0.0008	-0.0030	0.0130	0.0036	
-0.0355	0.2184	-0.0316	0.0774	-0.0205	-0.0319	0.0139	0.0059	-0.0030	-0.0077	
-0.0383	0.2174	-0.0336	0.0781	-0.0219	-0.0219	0.0020	0.0059	-0.0077	-0.0068	
-0.0397	0.2162	-0.0333	0.0785	-0.0116	-0.0191	0.0094	0.0108	-0.0228	-0.0292	
-0.0411	0.2148	-0.0323	0.0786	0.0014	-0.0147	0.0060	0.0106	-0.0118	-0.0077	
-0.0425	0.2132	-0.0248	0.0789	-0.0011	-0.0101	0.0069	0.0149	0.0039	0.0008	
-0.0432	0.2119	-0.0236	0.0787	-0.0048	-0.0097	0.0084	0.0108	-0.0120	-0.0045	
-0.0424	0.2108	-0.0236	0.0776	-0.0048	-0.0150	0.0003	0.0124	-0.0006	0.0097	
-0.0410	0.2098	-0.0334	0.0773	-0.0110	-0.0138	0.0041	0.0233	0.0139	0.0230	
-0.0371	0.2083	-0.0326	0.0768	-0.0167	-0.0183	0.0130	0.0231	0.0028	0.0051	
-0.0317	0.2072	-0.0304	0.0776	-0.0240	-0.0226	0.0081	0.0163	-0.0063	0.0021	
-0.0261	0.2057	-0.0179	0.0780	-0.0272	-0.0360	0.0021	0.0093	-0.0074	0.0089	
-0.0162	0.2043	-0.0075	0.0771	-0.0342	-0.0418	-0.0053	-0.0079	0.0183	0.0240	
-0.0076	0.2029	-0.0010	0.0770	-0.0323	-0.0418	-0.0083	-0.0022	0.0220	0.0166	
-0.0007	0.2011	0.0003	0.0773	-0.0266	-0.0410	-0.0071	0.0057	0.0196	0.0197	
0.0091	0.1991	0.0032	0.0777	-0.0267	-0.0406	-0.0054	-0.0032	0.0089	0.0071	
0.0174	0.1977	0.0065	0.0778	-0.0316	-0.0378	-0.0055	-0.0039	0.0049	-0.0032	
0.0213	0.1963	0.0153	0.0775	-0.0266	-0.0360	-0.0071	-0.0037	-0.0062	-0.0057	
0.0231	0.1947	0.0126	0.0767	-0.0237	-0.0318	0.0026	0.0074	-0.0030	-0.0008	
0.0256	0.1935	0.0134	0.0757	-0.0189	-0.0308	0.0193	0.0175	-0.0110	-0.0130	
0.0203	0.1925	0.0245	0.0759	-0.0154	-0.0237	0.0119	0.0145	0.0012	0.0037	
0.0148	0.1918	0.0238	0.0761	-0.0105	-0.0185	0.0292	0.0200	-0.0090	-0.0042	
0.0155	0.1909	0.0247	0.0762	-0.0089	-0.0159	0.0356	0.0218	-0.0117	-0.0066	
0.0140	0.1898	0.0258	0.0765	-0.0140	-0.0103	0.0174	0.0180	-0.0173	-0.0158	
0.0124	0.1888	0.0273	0.0753	-0.0105	-0.0053	0.0140	0.0074	0.0059	0.0066	
0.0108	0.1875	0.0340	0.0747	-0.0046	-0.0015	0.0181	0.0153	0.0043	0.0042	
0.0060	0.1859	0.0376	0.0737	0.0034	-0.0024	-0.0006	0.0062	0.0020	0.0062	
0.0005	0.1846	0.0340	0.0737	-0.0047	-0.0059	-0.0083	0.0057	0.0013	0.0125	
0.0004	0.1829	0.0278	0.0730	-0.0079	-0.0041	0.0064	0.0066	0.0032	0.0032	
0.0025	0.1813	0.0196	0.0731	-0.0152	-0.0057	0.0076	0.0090	-0.0066	0.0071	
0.0036	0.1800	0.0221	0.0721	-0.0147	-0.0019	-0.0002	0.0045	-0.0082	-0.0001	
0.0022	0.1790	0.0146	0.0710	-0.0116	0.0003	0.0007	-0.0053	-0.0155	-0.0187	
0.0051	0.1784	0.0080	0.0696	-0.0125	-0.0027	-0.0043	-0.0034	-0.0152	-0.0123	
0.0101	0.1775	0.0035	0.0694	-0.0146	-0.0152	-0.0072	-0.0061	-0.0055	-0.0043	
0.0154	0.1765	-0.0029	0.0689	-0.0083	-0.0237	-0.0194	-0.0208	0.0001	0.0001	
0.0215	0.1756	0.0029	0.0680	-0.0037	-0.0272	-0.0224	-0.0182	-0.0064	-0.0125	
0.0290	0.1750	0.0031	0.0670	-0.0044	-0.0236	-0.0116	-0.0181	0.0042	0.0019	
0.0348	0.1741	0.0003	0.0675	-0.0103	-0.0226	-0.0103	-0.0218	-0.0060	-0.0052	
0.0421	0.1730	0.0031	0.0688	-0.0095	-0.0161	-0.0147	-0.0250	-0.0003	0.0020	
0.0505	0.1720	0.0145	0.0696	-0.0081	-0.0112	-0.0148	-0.0242	0.0017	0.0108	
