#t	c1	dc1	c2	dc2	c2	dc3	c4	dc4	c5	dc5	m	dm	e	de	m1	dm1	x	dx	h	dh
0.8100	0.9368	0.0000	0.9280	0.0000	0.9267	0.0000	0.9262	0.0000	0.9257	0.0000	0.9620	0.0000	1.9146	0.0000	0.9620	0.0000	0.6752	-0.0000	0.1247	0.0000
0.8200	0.9325	0.0000	0.9242	0.0000	0.9203	0.0000	0.9199	0.0000	0.9203	0.0000	0.9586	0.0000	1.9079	0.0000	0.9586	0.0000	0.7065	-0.0000	0.1358	0.0000
0.8300	0.9222	0.0000	0.9129	0.0000	0.9100	0.0000	0.9083	0.0000	0.9086	0.0000	0.9548	0.0000	1.9005	0.0000	0.9548	0.0000	0.7723	-0.0000	0.1620	0.0000
0.8400	0.9171	0.0000	0.9088	0.0000	0.9051	0.0000	0.9038	0.0000	0.9047	0.0000	0.9508	0.0000	1.8928	0.0000	0.9507	0.0000	0.8153	-0.0000	0.1841	0.0000
0.8500	0.9093	0.0000	0.8973	0.0000	0.8931	0.0000	0.8904	0.0000	0.8894	0.0000	0.9462	0.0000	1.8843	0.0000	0.9461	0.0000	0.8925	-0.0000	0.2220	0.0000
0.8600	0.9069	0.0000	0.8937	0.0000	0.8888	0.0000	0.8868	0.0000	0.8870	0.0000	0.9412	0.0000	1.8752	0.0000	0.9412	0.0000	0.9485	-0.0000	0.2495	0.0000
0.8700	0.8943	0.0000	0.8774	0.0000	0.8726	0.0000	0.8705	0.0000	0.8691	0.0000	0.9355	0.0000	1.8653	0.0000	0.9355	0.0000	1.0108	-0.0000	0.2953	0.0000
0.8800	0.8933	0.0000	0.8743	0.0000	0.8691	0.0000	0.8667	0.0000	0.8660	0.0000	0.9293	0.0000	1.8548	0.0000	0.9293	0.0000	1.1010	-0.0000	0.3525	0.0000
0.8900	0.8843	0.0000	0.8625	0.0000	0.8560	0.0000	0.8526	0.0000	0.8502	0.0000	0.9223	0.0000	1.8431	0.0000	0.9222	0.0000	1.1641	-0.0000	0.4157	0.0000
0.9000	0.8719	0.0000	0.8519	0.0000	0.8423	0.0000	0.8384	0.0000	0.8395	0.0000	0.9148	0.0000	1.8313	0.0000	0.9148	0.0000	1.2760	-0.0000	0.5055	0.0000
0.9100	0.8650	0.0000	0.8418	0.0000	0.8339	0.0000	0.8292	0.0000	0.8271	0.0000	0.9065	0.0000	1.8184	0.0000	0.9064	0.0000	1.3719	-0.0000	0.6129	0.0000
0.9200	0.8533	0.0000	0.8259	0.0000	0.8136	0.0000	0.8094	0.0000	0.8076	0.0000	0.8963	0.0000	1.8035	0.0000	0.8962	0.0000	1.5231	-0.0000	0.7698	0.0000
0.9300	0.8371	0.0000	0.8080	0.0000	0.7942	0.0000	0.7891	0.0000	0.7859	0.0000	0.8846	0.0000	1.7877	0.0000	0.8846	0.0000	1.6794	-0.0000	1.0095	0.0001
0.9400	0.8285	0.0000	0.7918	0.0000	0.7749	0.0000	0.7635	0.0000	0.7620	0.0000	0.8704	0.0000	1.7695	0.0000	0.8703	0.0000	1.8499	-0.0000	1.3423	0.0001
0.9500	0.8093	0.0000	0.7652	0.0000	0.7463	0.0000	0.7356	0.0000	0.7300	0.0000	0.8541	0.0000	1.7500	0.0000	0.8540	0.0000	2.1031	-0.0000	1.8584	0.0001
0.9600	0.8045	0.0000	0.7521	0.0000	0.7292	0.0000	0.7179	0.0000	0.7099	0.0000	0.8343	0.0000	1.7283	0.0000	0.8342	0.0000	2.4096	-0.0001	2.7775	0.0003
0.9700	0.7769	0.0000	0.7234	0.0000	0.6983	0.0000	0.6820	0.0000	0.6739	0.0000	0.8049	0.0000	1.7011	0.0000	0.8046	0.0000	2.9875	-0.0001	5.1907	0.0008
0.9800	0.7478	0.0000	0.6804	0.0000	0.6450	0.0000	0.6261	0.0000	0.6109	0.0000	0.7640	0.0000	1.6692	0.0000	0.7634	0.0000	3.6803	-0.0001	11.1103	0.0021
#0.9900	0.7182	0.0000	0.6410	0.0000	0.5982	0.0000	0.5709	0.0000	0.5502	0.0000	0.6858	0.0000	1.6248	0.0000	0.6835	0.0000	5.4762	-0.0002	33.9923	0.0058
#1.0000	0.6742	0.0000	0.5675	0.0000	0.5064	0.0000	0.4633	0.0000	0.4334	0.0000	0.5187	0.0000	1.5593	0.0000	0.5100	0.0000	7.2027	0.0000	83.2793	0.0044
#1.0100	0.6227	0.0000	0.5041	0.0000	0.4287	0.0000	0.3738	0.0000	0.3358	0.0000	0.3305	0.0000	1.4946	0.0000	0.3128	0.0000	4.9672	0.0002	68.4904	0.0035
#1.0200	0.5934	0.0000	0.4622	0.0000	0.3771	0.0000	0.3185	0.0000	0.2743	0.0000	0.2377	0.0000	1.4556	0.0000	0.2178	0.0000	3.4064	0.0001	40.0796	0.0038
#1.0300	0.5824	0.0000	0.4421	0.0000	0.3468	0.0000	0.2862	0.0000	0.2370	0.0000	0.1841	0.0000	1.4261	0.0000	0.1643	0.0000	2.5651	0.0001	23.7578	0.0023
#1.0400	0.5595	0.0000	0.4099	0.0000	0.3209	0.0000	0.2561	0.0000	0.2080	0.0000	0.1548	0.0000	1.4029	0.0000	0.1362	0.0000	2.2281	0.0000	16.8595	0.0017
#1.0500	0.5336	0.0000	0.3893	0.0000	0.2968	0.0000	0.2297	0.0000	0.1842	0.0000	0.1347	0.0000	1.3815	0.0000	0.1173	0.0000	1.9827	0.0000	12.4830	0.0012
#1.0600	0.5160	0.0000	0.3535	0.0000	0.2588	0.0000	0.2031	0.0000	0.1566	0.0000	0.1208	0.0000	1.3623	0.0000	0.1045	0.0000	1.7884	0.0000	9.8716	0.0009
#1.0700	0.5193	0.0000	0.3605	0.0000	0.2612	0.0000	0.1942	0.0000	0.1517	0.0000	0.1096	0.0000	1.3462	0.0000	0.0946	0.0000	1.6903	0.0000	8.1094	0.0007
#1.0800	0.5075	0.0000	0.3390	0.0000	0.2480	0.0000	0.1833	0.0000	0.1355	0.0000	0.1015	0.0000	1.3293	0.0000	0.0868	0.0000	1.5723	0.0000	6.8211	0.0006
#1.0900	0.4991	0.0000	0.3368	0.0000	0.2362	0.0000	0.1741	0.0000	0.1227	0.0000	0.0946	0.0000	1.3157	0.0000	0.0808	0.0000	1.4507	0.0000	6.1771	0.0006
#1.1000	0.4842	0.0000	0.3122	0.0000	0.2106	0.0000	0.1491	0.0000	0.1091	0.0000	0.0877	0.0000	1.3013	0.0000	0.0746	0.0000	1.3721	0.0000	5.3304	0.0004
#1.1100	0.4799	0.0000	0.2971	0.0000	0.1921	0.0000	0.1387	0.0000	0.0891	0.0000	0.0838	0.0000	1.2898	0.0000	0.0712	0.0000	1.2168	0.0000	4.8440	0.0004
#1.1200	0.4701	0.0000	0.2943	0.0000	0.1919	0.0000	0.1291	0.0000	0.0867	0.0000	0.0797	0.0000	1.2770	0.0000	0.0678	0.0000	1.1811	0.0000	4.1956	0.0004
#1.1300	0.4347	0.0000	0.2597	0.0000	0.1756	0.0000	0.1243	0.0000	0.0906	0.0000	0.0760	0.0000	1.2663	0.0000	0.0643	0.0000	1.2226	0.0000	3.9482	0.0003
#1.1400	0.4574	0.0000	0.2845	0.0000	0.1744	0.0000	0.1114	0.0000	0.0781	0.0000	0.0732	0.0000	1.2531	0.0000	0.0617	0.0000	1.0907	0.0000	3.6194	0.0003
#1.1500	0.4333	0.0000	0.2708	0.0000	0.1724	0.0000	0.1208	0.0000	0.0769	0.0000	0.0694	0.0000	1.2431	0.0000	0.0587	0.0000	0.9581	0.0000	3.3404	0.0003
#1.1600	0.3998	0.0000	0.2296	0.0000	0.1451	0.0000	0.1030	0.0000	0.0768	0.0000	0.0668	0.0000	1.2338	0.0000	0.0565	0.0000	0.9698	0.0000	3.0606	0.0003
#1.1700	0.4214	0.0000	0.2468	0.0000	0.1597	0.0000	0.1025	0.0000	0.0630	0.0000	0.0641	0.0000	1.2241	0.0000	0.0539	0.0000	0.9416	0.0000	2.7869	0.0002
#1.1800	0.4086	0.0000	0.2422	0.0000	0.1355	0.0000	0.0872	0.0000	0.0564	0.0000	0.0631	0.0000	1.2150	0.0000	0.0532	0.0000	0.8774	0.0000	2.7045	0.0002
#1.1900	0.3873	0.0000	0.2257	0.0000	0.1229	0.0000	0.0828	0.0000	0.0503	0.0000	0.0619	0.0000	1.2069	0.0000	0.0521	0.0000	0.8895	0.0000	2.5962	0.0002
#1.2000	0.4097	0.0000	0.2276	0.0000	0.1366	0.0000	0.0879	0.0000	0.0491	0.0000	0.0592	0.0000	1.2000	0.0000	0.0500	0.0000	0.8254	0.0000	2.3854	0.0002
