#t	c1	dc1	c2	dc2	c2	dc3	c4	dc4	c5	dc5	m	dm	e	de	m1	dm1	x	dx	h	dh
1.0050	0.8668	0.3584	0.8471	0.3696	0.8366	0.3784	0.8309	0.3653	0.8269	0.3827	0.0000	0.0000	1.8694	0.0086	0.0000	0.0000	0.0001	0.0000
1.0100	0.8792	0.3279	0.8571	0.3482	0.8467	0.3436	0.8537	0.3364	0.8445	0.3487	0.0000	0.0000	1.8657	0.0090	0.0000	0.0000	0.0001	0.0000
1.0150	0.8571	0.3866	0.8342	0.3945	0.8175	0.4142	0.8161	0.4168	0.8000	0.4298	0.0000	0.0000	1.8612	0.0091	0.0000	0.0000	0.0001	0.0000
1.0200	0.8499	0.3752	0.8272	0.3858	0.8067	0.4135	0.7986	0.4281	0.8081	0.4034	0.0000	0.0000	1.8573	0.0090	0.0000	0.0000	0.0001	0.0000
1.0250	0.8462	0.3717	0.8251	0.3849	0.8167	0.3909	0.8042	0.3989	0.8136	0.3873	0.0000	0.0000	1.8535	0.0093	0.0000	0.0000	0.0001	0.0000
1.0300	0.8345	0.3969	0.7978	0.4300	0.7751	0.4513	0.7793	0.4500	0.7735	0.4582	0.0000	0.0000	1.8488	0.0094	0.0000	0.0000	0.0001	0.0000
1.0350	0.8439	0.3721	0.8296	0.3813	0.8101	0.3928	0.8052	0.4038	0.7922	0.4148	0.0000	0.0000	1.8451	0.0097	0.0000	0.0000	0.0001	0.0000
1.0400	0.8464	0.3883	0.7940	0.4349	0.7895	0.4276	0.7714	0.4526	0.7740	0.4396	0.0000	0.0000	1.8398	0.0096	0.0000	0.0000	0.0001	0.0000
1.0450	0.8637	0.3579	0.8007	0.4237	0.7868	0.4319	0.7751	0.4417	0.7742	0.4316	0.0000	0.0000	1.8359	0.0100	0.0000	0.0000	0.0001	0.0000
1.0500	0.8161	0.3989	0.7752	0.4463	0.7597	0.4574	0.7472	0.4649	0.7481	0.4620	0.0000	0.0000	1.8311	0.0104	0.0000	0.0000	0.0001	0.0000
1.0550	0.8326	0.3727	0.7726	0.4267	0.7728	0.4332	0.7660	0.4387	0.7505	0.4450	0.0000	0.0000	1.8259	0.0109	0.0000	0.0000	0.0001	0.0000
1.0600	0.8526	0.3517	0.8117	0.3635	0.8020	0.3706	0.7860	0.3770	0.7794	0.3817	0.0000	0.0000	1.8207	0.0107	0.0000	0.0000	0.0001	0.0000
1.0650	0.8217	0.3962	0.7761	0.4137	0.7485	0.4406	0.7401	0.4492	0.7282	0.4561	0.0000	0.0000	1.8155	0.0109	0.0000	0.0000	0.0001	0.0000
1.0700	0.8333	0.3808	0.7796	0.4165	0.7567	0.4185	0.7469	0.4318	0.7521	0.4148	0.0000	0.0000	1.8103	0.0112	0.0000	0.0000	0.0001	0.0000
1.0750	0.8005	0.4264	0.7545	0.4481	0.7527	0.4284	0.7345	0.4383	0.7359	0.4262	0.0000	0.0000	1.8052	0.0111	0.0000	0.0000	0.0001	0.0000
1.0800	0.7964	0.4353	0.7416	0.4620	0.7183	0.4771	0.7108	0.4733	0.7023	0.4769	0.0000	0.0000	1.7986	0.0118	0.0000	0.0000	0.0001	0.0000
1.0850	0.8104	0.4024	0.7358	0.4476	0.7166	0.4666	0.7026	0.4600	0.6917	0.4720	0.0000	0.0000	1.7928	0.0122	0.0000	0.0000	0.0001	0.0000
1.0900	0.7873	0.4251	0.7434	0.4321	0.7169	0.4642	0.6917	0.4803	0.6829	0.4772	0.0000	0.0000	1.7862	0.0128	0.0000	0.0000	0.0001	0.0000
1.0950	0.7817	0.4308	0.7358	0.4462	0.7165	0.4486	0.6950	0.4579	0.6873	0.4597	0.0000	0.0000	1.7808	0.0126	0.0000	0.0000	0.0002	0.0000
1.1000	0.7320	0.4838	0.6842	0.5077	0.6242	0.5315	0.6051	0.5301	0.5918	0.5490	0.0000	0.0000	1.7735	0.0123	0.0000	0.0000	0.0001	0.0000
1.1050	0.7641	0.4447	0.6890	0.4745	0.6671	0.4798	0.6294	0.4915	0.6394	0.4911	0.0000	0.0000	1.7659	0.0139	0.0000	0.0000	0.0002	0.0000
1.1100	0.7575	0.4410	0.6789	0.4896	0.6620	0.4877	0.6438	0.4919	0.6386	0.4898	0.0000	0.0000	1.7580	0.0138	0.0000	0.0000	0.0002	0.0000
1.1150	0.7593	0.4300	0.6724	0.4714	0.6232	0.5001	0.6035	0.5025	0.5829	0.5120	0.0000	0.0000	1.7505	0.0144	0.0000	0.0000	0.0002	0.0000
1.1200	0.7616	0.4390	0.6835	0.4864	0.6355	0.5019	0.6256	0.4885	0.6000	0.4939	0.0000	0.0000	1.7408	0.0145	0.0000	0.0000	0.0002	0.0000
1.1250	0.7100	0.4783	0.6451	0.5014	0.5945	0.5259	0.5661	0.5390	0.5453	0.5391	0.0000	0.0000	1.7307	0.0153	0.0000	0.0000	0.0002	0.0000
1.1300	0.7656	0.4298	0.6723	0.4643	0.6161	0.4771	0.5821	0.4799	0.5678	0.4776	0.0000	0.0000	1.7202	0.0163	0.0000	0.0000	0.0002	0.0000
1.1350	0.6958	0.4886	0.6132	0.4918	0.5515	0.5058	0.5072	0.5006	0.4819	0.5131	0.0000	0.0000	1.7096	0.0169	0.0000	0.0000	0.0003	0.0000
1.1400	0.7047	0.4706	0.6049	0.4880	0.5566	0.4899	0.5228	0.4900	0.4739	0.4967	0.0000	0.0000	1.6971	0.0176	0.0000	0.0000	0.0003	0.0000
1.1450	0.6755	0.4713	0.5826	0.4884	0.4978	0.5177	0.4528	0.5146	0.4243	0.5137	0.0000	0.0000	1.6852	0.0170	0.0000	0.0000	0.0003	0.0000
1.1500	0.6693	0.4605	0.5440	0.4947	0.4888	0.4930	0.4452	0.5004	0.4061	0.4906	0.0000	0.0000	1.6731	0.0171	0.0000	0.0000	0.0003	0.0000
1.1550	0.6773	0.4806	0.5634	0.4784	0.4972	0.4961	0.4278	0.4992	0.3927	0.4928	0.0000	0.0000	1.6633	0.0156	0.0000	0.0000	0.0002	0.0000
1.1600	0.6796	0.4389	0.5515	0.4769	0.4633	0.4912	0.4371	0.4747	0.3831	0.4868	0.0000	0.0000	1.6567	0.0155	0.0000	0.0000	0.0002	0.0000
1.1650	0.6592	0.4680	0.5006	0.5225	0.4353	0.5002	0.4055	0.4714	0.3596	0.4862	0.0000	0.0000	1.6476	0.0155	0.0000	0.0000	0.0002	0.0000
1.1700	0.6829	0.4564	0.5510	0.4685	0.4524	0.4674	0.4159	0.4669	0.3560	0.4623	0.0000	0.0000	1.6408	0.0139	0.0000	0.0000	0.0002	0.0000
1.1750	0.6501	0.4797	0.5464	0.4641	0.4648	0.4585	0.4189	0.4379	0.3816	0.4294	0.0000	0.0000	1.6334	0.0129	0.0000	0.0000	0.0001	0.0000
1.1800	0.6158	0.4804	0.5275	0.4843	0.4688	0.4748	0.4074	0.4666	0.3673	0.4514	0.0000	0.0000	1.6253	0.0139	0.0000	0.0000	0.0002	0.0000
1.1850	0.6288	0.4842	0.4477	0.5296	0.3405	0.5018	0.3023	0.4779	0.2810	0.4438	0.0000	0.0000	1.6211	0.0126	0.0000	0.0000	0.0001	0.0000
1.1900	0.6165	0.5015	0.4668	0.5291	0.3860	0.5179	0.3378	0.4865	0.2967	0.4655	0.0000	0.0000	1.6132	0.0133	0.0000	0.0000	0.0002	0.0000
1.1950	0.6070	0.4652	0.4489	0.4754	0.3448	0.4849	0.2887	0.4798	0.2378	0.4735	0.0000	0.0000	1.6064	0.0126	0.0000	0.0000	0.0001	0.0000
1.2000	0.5519	0.5346	0.4421	0.5095	0.3606	0.4906	0.2856	0.4845	0.2445	0.4495	0.0000	0.0000	1.6043	0.0127	0.0000	0.0000	0.0001	0.0000
