#t	c1	dc1	c2	dc2	c2	dc3	c4	dc4	c5	dc5	m	dm	e	de	x	dx	h	dh
1.1020	0.7688	0.4397	0.7028	0.4784	0.6682	0.4921	0.6518	0.4974	0.6415	0.4986	0.7795	0.0354	1.7705	0.0132	11.300757	0.366678	1.577784	0.010094
1.1040	0.7679	0.4370	0.7059	0.4647	0.6740	0.4780	0.6541	0.4879	0.6401	0.4937	0.7727	0.0375	1.7674	0.0134	12.638684	0.471296	1.609074	0.020671
1.1060	0.7655	0.4355	0.6993	0.4711	0.6619	0.4869	0.6429	0.4953	0.6267	0.5033	0.7679	0.0379	1.7646	0.0137	13.327461	0.354049	1.671398	0.028768
1.1080	0.7670	0.4358	0.7016	0.4713	0.6651	0.4836	0.6480	0.4905	0.6311	0.4926	0.7607	0.0414	1.7615	0.0139	15.732440	0.296621	1.726725	0.014684
1.1100	0.7565	0.4466	0.6902	0.4718	0.6568	0.4870	0.6359	0.4990	0.6167	0.5044	0.7534	0.0465	1.7583	0.0140	19.606231	1.290980	1.776802	0.022434
1.1120	0.7533	0.4399	0.6873	0.4732	0.6476	0.4942	0.6278	0.4974	0.6135	0.5005	0.7458	0.0486	1.7551	0.0142	20.859730	0.736879	1.797166	0.027183
1.1140	0.7550	0.4411	0.6846	0.4753	0.6476	0.4902	0.6192	0.4988	0.6046	0.5009	0.7370	0.0525	1.7515	0.0143	25.069337	0.978830	1.838483	0.031761
1.1160	0.7529	0.4436	0.6818	0.4742	0.6448	0.4850	0.6236	0.4891	0.6105	0.4931	0.7278	0.0582	1.7483	0.0147	29.632988	1.283398	1.931429	0.020192
1.1180	0.7486	0.4490	0.6743	0.4821	0.6337	0.4954	0.6078	0.5019	0.5899	0.5041	0.7182	0.0633	1.7446	0.0150	36.663573	1.228741	1.999422	0.034785
1.1200	0.7387	0.4590	0.6601	0.4925	0.6228	0.4982	0.5955	0.5065	0.5769	0.5127	0.7064	0.0717	1.7413	0.0150	45.798544	1.880916	2.029031	0.030392
1.1220	0.7399	0.4433	0.6599	0.4855	0.6175	0.5027	0.5928	0.5062	0.5729	0.5112	0.6954	0.0782	1.7377	0.0155	55.006478	1.371136	2.138756	0.029907
1.1240	0.7265	0.4632	0.6465	0.4978	0.6018	0.5081	0.5808	0.5104	0.5593	0.5147	0.6795	0.0892	1.7334	0.0158	70.646135	2.469310	2.209623	0.037430
1.1260	0.7319	0.4559	0.6517	0.4837	0.6106	0.4959	0.5774	0.5043	0.5561	0.5072	0.6651	0.0963	1.7293	0.0162	85.172648	2.342083	2.311885	0.024848
1.1280	0.7280	0.4577	0.6449	0.4877	0.5982	0.5028	0.5675	0.5094	0.5452	0.5083	0.6468	0.1091	1.7254	0.0164	106.063049	3.434191	2.410579	0.029693
1.1300	0.7207	0.4548	0.6401	0.4857	0.5895	0.4978	0.5614	0.5045	0.5362	0.5081	0.6236	0.1222	1.7208	0.0169	132.032257	3.720989	2.523259	0.029255
1.1320	0.7116	0.4638	0.6329	0.4903	0.5746	0.5074	0.5381	0.5163	0.5129	0.5174	0.6035	0.1343	1.7165	0.0173	162.509381	2.935662	2.690421	0.028979
1.1340	0.7110	0.4674	0.6209	0.4936	0.5709	0.4996	0.5315	0.5078	0.5101	0.5080	0.5783	0.1476	1.7119	0.0175	191.165499	4.093799	2.735745	0.037895
1.1360	0.7099	0.4618	0.6235	0.4883	0.5637	0.5042	0.5281	0.5079	0.4994	0.5082	0.5478	0.1577	1.7066	0.0177	219.674707	3.196671	2.745745	0.031750
1.1380	0.7105	0.4605	0.6173	0.4862	0.5579	0.4989	0.5195	0.5018	0.4898	0.5015	0.5190	0.1678	1.7021	0.0177	247.253082	4.157879	2.786525	0.026173
1.1400	0.6889	0.4781	0.5908	0.5005	0.5394	0.5067	0.4985	0.5091	0.4669	0.5088	0.4833	0.1774	1.6966	0.0180	277.439421	3.094448	2.835085	0.036190
1.1420	0.6905	0.4677	0.5996	0.4864	0.5379	0.4994	0.4968	0.5008	0.4636	0.5026	0.4479	0.1856	1.6919	0.0180	301.166494	2.669109	2.825036	0.041570
1.1440	0.7031	0.4643	0.5992	0.4894	0.5327	0.4996	0.4918	0.5007	0.4564	0.4979	0.4177	0.1859	1.6873	0.0176	300.337679	3.408689	2.712616	0.047173
1.1460	0.6705	0.4781	0.5709	0.5016	0.5121	0.5048	0.4611	0.5053	0.4342	0.5018	0.3852	0.1885	1.6826	0.0173	309.003074	2.644489	2.606112	0.043559
1.1480	0.6705	0.4872	0.5708	0.5063	0.5069	0.5062	0.4634	0.5007	0.4274	0.4960	0.3586	0.1834	1.6783	0.0170	291.771956	2.278046	2.510296	0.035161
1.1500	0.6812	0.4706	0.5737	0.4969	0.5091	0.5011	0.4535	0.5008	0.4228	0.4946	0.3309	0.1835	1.6742	0.0168	292.925427	1.788870	2.473990	0.040781
1.1520	0.6722	0.4764	0.5635	0.4974	0.4939	0.5011	0.4436	0.5034	0.4086	0.4940	0.3024	0.1770	1.6697	0.0164	271.435056	2.156380	2.331076	0.027908
1.1540	0.6744	0.4692	0.5584	0.4941	0.4920	0.4949	0.4358	0.4944	0.3988	0.4874	0.2801	0.1691	1.6659	0.0159	248.705163	2.260367	2.188408	0.037894
1.1560	0.6610	0.4750	0.5505	0.4965	0.4789	0.5018	0.4311	0.4906	0.3912	0.4808	0.2601	0.1617	1.6625	0.0156	226.085495	2.100778	2.102383	0.024542
1.1580	0.6533	0.4846	0.5397	0.5026	0.4694	0.5038	0.4227	0.4949	0.3802	0.4886	0.2441	0.1570	1.6588	0.0152	212.413521	2.166184	2.030146	0.024456
1.1600	0.6607	0.4768	0.5418	0.4979	0.4695	0.4955	0.4215	0.4888	0.3801	0.4837	0.2271	0.1486	1.6552	0.0151	188.803453	2.274430	1.958142	0.018281
1.1620	0.6567	0.4848	0.5429	0.5000	0.4650	0.4981	0.4080	0.4956	0.3664	0.4837	0.2132	0.1426	1.6520	0.0149	174.427269	2.470873	1.893225	0.024516
1.1640	0.6561	0.4804	0.5388	0.5019	0.4570	0.5023	0.4083	0.4893	0.3649	0.4793	0.2020	0.1374	1.6489	0.0145	161.417507	1.874850	1.800743	0.016469
1.1660	0.6494	0.4923	0.5264	0.5009	0.4502	0.4969	0.3960	0.4898	0.3543	0.4789	0.1890	0.1318	1.6460	0.0145	149.543007	2.118507	1.789599	0.024328
1.1680	0.6524	0.4750	0.5348	0.4950	0.4512	0.4901	0.3924	0.4789	0.3465	0.4707	0.1773	0.1243	1.6422	0.0141	133.521610	1.490233	1.722757	0.030359
1.1700	0.6418	0.4813	0.5183	0.4985	0.4289	0.5000	0.3823	0.4848	0.3404	0.4718	0.1716	0.1213	1.6397	0.0143	125.759002	1.655997	1.725131	0.022548
1.1720	0.6471	0.4786	0.5344	0.4942	0.4523	0.4913	0.3946	0.4809	0.3482	0.4679	0.1627	0.1168	1.6366	0.0142	116.961223	1.103726	1.690869	0.023135
1.1740	0.6288	0.4877	0.5002	0.5087	0.4202	0.4958	0.3673	0.4904	0.3232	0.4824	0.1546	0.1118	1.6345	0.0138	106.947476	1.763237	1.636104	0.020885
1.1760	0.6335	0.4866	0.5113	0.4918	0.4228	0.4919	0.3687	0.4779	0.3183	0.4666	0.1487	0.1046	1.6312	0.0133	93.129781	1.924646	1.517893	0.019253
1.1780	0.6066	0.5009	0.4853	0.5066	0.4049	0.5001	0.3513	0.4802	0.3036	0.4707	0.1413	0.1032	1.6286	0.0133	89.904534	1.354727	1.492724	0.023160
1.1800	0.6218	0.4972	0.5018	0.5063	0.4134	0.4973	0.3549	0.4790	0.3145	0.4655	0.1385	0.0995	1.6260	0.0134	83.933467	1.340146	1.510296	0.016391
