#t		m	dm	e	de	x	dx	h	dh
0.5500	1.0000	0.0001	2.0000	0.0001	0.000002	0.000002	0.000004	0.000005
0.6000	1.0000	0.0002	2.0000	0.0003	0.000017	0.000006	0.000079	0.000020
0.6500	1.0000	0.0002	2.0000	0.0005	0.000032	0.000006	0.000131	0.000024
0.7000	1.0000	0.0004	1.9999	0.0007	0.000083	0.000007	0.000316	0.000039
0.7500	1.0000	0.0005	1.9999	0.0010	0.000137	0.000010	0.000510	0.000055
0.8000	0.9999	0.0007	1.9998	0.0014	0.000225	0.000021	0.000976	0.000041
0.8500	0.9998	0.0010	1.9997	0.0019	0.000406	0.000020	0.001628	0.000078
0.9000	0.9997	0.0012	1.9994	0.0024	0.000649	0.000025	0.002486	0.000097
0.9500	0.9995	0.0015	1.9991	0.0031	0.001030	0.000043	0.003916	0.000146
1.0000	0.9992	0.0020	1.9985	0.0039	0.001554	0.000051	0.005966	0.000182
1.0500	0.9990	0.0024	1.9980	0.0045	0.002127	0.000043	0.007766	0.000179
1.1000	0.9985	0.0030	1.9970	0.0056	0.003192	0.000102	0.011428	0.000220
1.1500	0.9978	0.0035	1.9959	0.0066	0.004350	0.000121	0.014996	0.000465
1.2000	0.9970	0.0042	1.9943	0.0078	0.005944	0.000167	0.020117	0.000430
1.2500	0.9961	0.0049	1.9924	0.0090	0.007744	0.000183	0.025911	0.000389
1.3000	0.9947	0.0058	1.9901	0.0103	0.010037	0.000241	0.032854	0.000636
1.3500	0.9932	0.0067	1.9874	0.0118	0.013302	0.000214	0.041516	0.000655
1.4000	0.9914	0.0076	1.9841	0.0132	0.016444	0.000276	0.049764	0.000841
1.4500	0.9891	0.0089	1.9800	0.0150	0.021453	0.000350	0.061810	0.001125
1.5000	0.9863	0.0103	1.9753	0.0168	0.028436	0.000720	0.075848	0.001213
1.5500	0.9835	0.0114	1.9704	0.0185	0.033645	0.000698	0.088822	0.000863
1.6000	0.9796	0.0132	1.9641	0.0204	0.043465	0.001424	0.104765	0.001583
1.6500	0.9751	0.0152	1.9570	0.0225	0.054620	0.001062	0.122353	0.001344
1.7000	0.9701	0.0171	1.9491	0.0247	0.067838	0.001109	0.144513	0.001492
1.7500	0.9641	0.0196	1.9402	0.0273	0.088563	0.001590	0.168815	0.002018
1.8000	0.9568	0.0226	1.9296	0.0298	0.112044	0.003796	0.198107	0.001706
1.8500	0.9486	0.0264	1.9182	0.0330	0.149896	0.001854	0.237212	0.003183
1.9000	0.9383	0.0309	1.9048	0.0357	0.196671	0.003336	0.266611	0.002871
1.9500	0.9265	0.0357	1.8898	0.0386	0.266922	0.008944	0.305013	0.004483
2.0000	0.9112	0.0436	1.8726	0.0421	0.378245	0.015270	0.358180	0.005002
2.0500	0.8928	0.0548	1.8535	0.0466	0.567887	0.025555	0.426318	0.005194
2.1000	0.8693	0.0707	1.8315	0.0513	0.980187	0.048690	0.499410	0.004919
2.1500	0.8371	0.0939	1.8052	0.0568	1.662793	0.062730	0.599087	0.005629
2.2000	0.7917	0.1294	1.7755	0.0633	3.039021	0.100549	0.724195	0.006363
2.2500	0.7249	0.1708	1.7380	0.0706	5.089500	0.121262	0.882634	0.010689
2.3000	0.6392	0.2059	1.6965	0.0745	7.458550	0.141218	0.972113	0.015144
2.3500	0.5469	0.2266	1.6566	0.0750	8.763106	0.102234	0.957903	0.007262
2.4000	0.4531	0.2319	1.6189	0.0713	8.890953	0.093626	0.839943	0.007099
2.4500	0.3794	0.2184	1.5865	0.0667	7.794721	0.085663	0.733756	0.009410
2.5000	0.3186	0.2011	1.5585	0.0632	6.440454	0.046529	0.641992	0.008306
2.5500	0.2776	0.1832	1.5365	0.0588	5.263410	0.079994	0.541907	0.007347
2.6000	0.2459	0.1671	1.5162	0.0567	4.277681	0.055544	0.496826	0.005760
2.6500	0.2177	0.1536	1.4978	0.0541	3.591802	0.029800	0.442418	0.005353
2.7000	0.1983	0.1431	1.4825	0.0531	3.031862	0.056292	0.415438	0.006180
2.7500	0.1842	0.1352	1.4684	0.0515	2.675535	0.047618	0.385847	0.003656
2.8000	0.1694	0.1242	1.4551	0.0508	2.220553	0.028337	0.367460	0.002701
2.8500	0.1595	0.1163	1.4414	0.0491	1.909693	0.028283	0.339016	0.004508
2.9000	0.1524	0.1118	1.4300	0.0491	1.722801	0.017827	0.329247	0.002235
2.9500	0.1448	0.1067	1.4188	0.0482	1.552454	0.015329	0.315126	0.002478
3.0000	0.1362	0.1010	1.4085	0.0471	1.351856	0.027926	0.299397	0.003443
3.0500	0.1310	0.0970	1.3993	0.0472	1.230719	0.016551	0.291240	0.003958
3.1000	0.1274	0.0939	1.3899	0.0468	1.137874	0.013633	0.283932	0.003673
3.1500	0.1194	0.0886	1.3809	0.0465	1.009972	0.009084	0.273594	0.004470
3.2000	0.1173	0.0871	1.3731	0.0460	0.944622	0.016853	0.266079	0.003443
3.2500	0.1141	0.0856	1.3644	0.0453	0.895595	0.011637	0.250187	0.004122
3.3000	0.1112	0.0832	1.3573	0.0452	0.846739	0.011153	0.248521	0.004072
3.3500	0.1068	0.0803	1.3500	0.0450	0.760612	0.015209	0.238764	0.004094
3.4000	0.1041	0.0776	1.3432	0.0446	0.707629	0.009936	0.234211	0.003633
3.4500	0.1021	0.0756	1.3370	0.0439	0.669971	0.008342	0.222453	0.003188
3.5000	0.0973	0.0732	1.3300	0.0435	0.613983	0.006843	0.216123	0.002106
3.5500	0.0961	0.0715	1.3231	0.0433	0.574226	0.010185	0.208677	0.002706
3.6000	0.0940	0.0701	1.3180	0.0431	0.553518	0.007570	0.205795	0.002800
3.6500	0.0938	0.0696	1.3135	0.0431	0.527561	0.006799	0.203958	0.003174
3.7000	0.0915	0.0678	1.3073	0.0426	0.501052	0.007127	0.197324	0.001741
3.7500	0.0897	0.0671	1.3022	0.0423	0.477476	0.005349	0.192294	0.002161
3.8000	0.0881	0.0651	1.2968	0.0419	0.446696	0.008055	0.185273	0.002876
3.8500	0.0865	0.0650	1.2925	0.0422	0.436227	0.005354	0.185039	0.002985
3.9000	0.0843	0.0635	1.2876	0.0417	0.412115	0.006479	0.177882	0.001655
3.9500	0.0845	0.0636	1.2831	0.0411	0.409772	0.006081	0.170452	0.002038
4.0000	0.0838	0.0620	1.2781	0.0410	0.384481	0.004731	0.168534	0.002632
4.0500	0.0810	0.0606	1.2744	0.0415	0.363366	0.003829	0.169071	0.002548
4.1000	0.0798	0.0603	1.2708	0.0410	0.349870	0.004554	0.162974	0.002492
4.1500	0.0787	0.0600	1.2665	0.0414	0.349117	0.005577	0.163868	0.001891
4.2000	0.0787	0.0592	1.2621	0.0407	0.332794	0.006245	0.157202	0.002393
4.2500	0.0776	0.0579	1.2596	0.0403	0.318397	0.005451	0.154726	0.001544
4.3000	0.0766	0.0578	1.2549	0.0405	0.311285	0.006624	0.152699	0.001946
4.3500	0.0769	0.0570	1.2515	0.0406	0.299984	0.005789	0.152923	0.002129
4.4000	0.0747	0.0560	1.2485	0.0399	0.283870	0.005456	0.145925	0.001651
4.4500	0.0743	0.0558	1.2453	0.0398	0.282451	0.003945	0.144875	0.001386
4.5000	0.0730	0.0546	1.2419	0.0394	0.263520	0.005422	0.136552	0.001484
4.5500	0.0718	0.0545	1.2382	0.0398	0.261467	0.003214	0.139804	0.001470
4.6000	0.0716	0.0537	1.2347	0.0399	0.249112	0.004591	0.137721	0.001145
4.6500	0.0725	0.0548	1.2330	0.0402	0.257998	0.003310	0.139119	0.001657
4.7000	0.0704	0.0529	1.2300	0.0394	0.236800	0.004278	0.131818	0.000979
4.7500	0.0698	0.0519	1.2266	0.0399	0.231463	0.003751	0.133224	0.000756
4.8000	0.0699	0.0516	1.2240	0.0388	0.224900	0.003457	0.125937	0.001782
4.8500	0.0683	0.0518	1.2208	0.0396	0.221147	0.002874	0.129457	0.001916
4.9000	0.0683	0.0516	1.2193	0.0393	0.219029	0.002471	0.126517	0.001738
4.9500	0.0683	0.0513	1.2170	0.0389	0.215519	0.003173	0.122064	0.002476
5.0000	0.0675	0.0508	1.2136	0.0386	0.207210	0.004026	0.118200	0.001419
5.0500	0.0672	0.0509	1.2113	0.0394	0.207758	0.003332	0.122909	0.001601
5.1000	0.0667	0.0503	1.2099	0.0387	0.195753	0.001833	0.118301	0.001240
5.1500	0.0665	0.0499	1.2071	0.0389	0.194502	0.004295	0.117684	0.001873
5.2000	0.0659	0.0500	1.2049	0.0390	0.192750	0.001961	0.117451	0.001564
5.2500	0.0649	0.0500	1.2029	0.0392	0.189401	0.003210	0.116051	0.001627
5.3000	0.0652	0.0490	1.2008	0.0385	0.181473	0.002639	0.111436	0.002031
5.3500	0.0648	0.0486	1.1979	0.0382	0.180077	0.002546	0.109824	0.000893
5.4000	0.0644	0.0483	1.1967	0.0385	0.172590	0.003027	0.109235	0.001678
5.4500	0.0637	0.0474	1.1946	0.0384	0.165869	0.002218	0.108697	0.001526
5.5000	0.0631	0.0476	1.1917	0.0385	0.164340	0.002415	0.107881	0.001493
