#t		m	dm	e	de	x	dx	h	dh
0.5500	1.0000	0.0001	2.0000	0.0001	0.000002	0.000002	0.000004	0.000005
0.6000	1.0000	0.0002	2.0000	0.0003	0.000017	0.000006	0.000079	0.000020
0.6500	1.0000	0.0002	2.0000	0.0005	0.000032	0.000006	0.000131	0.000024
0.7000	1.0000	0.0004	1.9999	0.0007	0.000083	0.000007	0.000316	0.000039
0.7500	1.0000	0.0005	1.9999	0.0010	0.000137	0.000010	0.000510	0.000055
0.8000	0.9999	0.0007	1.9998	0.0014	0.000225	0.000021	0.000976	0.000041
0.8500	0.9998	0.0010	1.9997	0.0019	0.000406	0.000020	0.001628	0.000078
0.9000	0.9997	0.0012	1.9994	0.0024	0.000649	0.000025	0.002486	0.000097
0.9500	0.9995	0.0015	1.9991	0.0031	0.001030	0.000043	0.003916	0.000146
1.0000	0.9992	0.0020	1.9985	0.0039	0.001554	0.000051	0.005966	0.000182
1.0500	0.9990	0.0024	1.9980	0.0045	0.002127	0.000043	0.007766	0.000179
1.1000	0.9985	0.0030	1.9970	0.0056	0.003192	0.000102	0.011428	0.000220
1.1500	0.9978	0.0035	1.9959	0.0066	0.004350	0.000121	0.014996	0.000465
1.2000	0.9970	0.0042	1.9943	0.0078	0.005944	0.000167	0.020117	0.000430
1.2500	0.9961	0.0049	1.9924	0.0090	0.007744	0.000183	0.025911	0.000389
1.3000	0.9947	0.0058	1.9901	0.0103	0.010037	0.000241	0.032854	0.000636
1.3500	0.9932	0.0067	1.9874	0.0118	0.013302	0.000214	0.041516	0.000655
1.4000	0.9914	0.0076	1.9841	0.0132	0.016444	0.000276	0.049764	0.000841
1.4500	0.9891	0.0089	1.9800	0.0150	0.021453	0.000350	0.061810	0.001125
1.5000	0.9863	0.0103	1.9753	0.0168	0.028436	0.000720	0.075848	0.001213
1.5500	0.9835	0.0114	1.9704	0.0185	0.033645	0.000698	0.088822	0.000863
1.6000	0.9796	0.0132	1.9641	0.0204	0.043465	0.001424	0.104765	0.001583
1.6500	0.9751	0.0152	1.9570	0.0225	0.054620	0.001062	0.122353	0.001344
1.7000	0.9701	0.0171	1.9491	0.0247	0.067838	0.001109	0.144513	0.001492
1.7500	0.9641	0.0196	1.9402	0.0273	0.088563	0.001590	0.168815	0.002018
1.8000	0.9568	0.0226	1.9296	0.0298	0.112044	0.003796	0.198107	0.001706
1.8500	0.9486	0.0264	1.9182	0.0330	0.149896	0.001854	0.237212	0.003183
1.9000	0.9383	0.0309	1.9048	0.0357	0.196671	0.003336	0.266611	0.002871
1.9500	0.9265	0.0357	1.8898	0.0386	0.266922	0.008944	0.305013	0.004483
2.0000	0.9112	0.0436	1.8726	0.0421	0.378245	0.015270	0.358180	0.005002
2.0500	0.8928	0.0548	1.8535	0.0466	0.567887	0.025555	0.426318	0.005194
2.1000	0.8693	0.0707	1.8315	0.0513	0.980187	0.048690	0.499410	0.004919
2.1500	0.8371	0.0939	1.8052	0.0568	1.662793	0.062730	0.599087	0.005629
2.2000	0.7917	0.1294	1.7755	0.0633	3.039021	0.100549	0.724195	0.006363
2.2500	0.7249	0.1708	1.7380	0.0706	5.089500	0.121262	0.882634	0.010689
2.2550	0.7176	0.1738	1.7346	0.0705	5.258858	0.111657	0.873052	0.014010
2.2600	0.7085	0.1791	1.7293	0.0716	5.677182	0.097286	0.903869	0.012185
2.2650	0.7022	0.1825	1.7268	0.0713	5.806784	0.108506	0.900718	0.010400
2.2700	0.6939	0.1840	1.7226	0.0722	6.008021	0.098327	0.919093	0.009945
2.2750	0.6806	0.1930	1.7167	0.0727	6.610236	0.151405	0.919832	0.011420
2.2800	0.6731	0.1939	1.7125	0.0722	6.574744	0.091732	0.915891	0.011493
2.2850	0.6722	0.1950	1.7117	0.0731	6.678975	0.164014	0.929000	0.008531
2.2900	0.6587	0.2028	1.7067	0.0731	7.100944	0.156147	0.931258	0.008766
2.2950	0.6458	0.2098	1.7013	0.0744	7.612610	0.093509	0.966125	0.012649
2.3000	0.6411	0.2072	1.6982	0.0743	7.451807	0.093454	0.957039	0.009074
2.3050	0.6314	0.2092	1.6934	0.0740	7.556856	0.116323	0.947314	0.014610
2.3100	0.6176	0.2163	1.6891	0.0751	8.042287	0.127228	0.968962	0.011205
2.3150	0.6153	0.2124	1.6854	0.0739	7.787187	0.128183	0.943965	0.013517
2.3200	0.5994	0.2184	1.6802	0.0750	8.241138	0.087747	0.968257	0.017885
2.3250	0.5920	0.2174	1.6746	0.0741	8.138437	0.114958	0.945184	0.007050
2.3300	0.5845	0.2207	1.6726	0.0746	8.392679	0.122361	0.954415	0.011507
2.3350	0.5722	0.2241	1.6677	0.0753	8.596555	0.111410	0.970321	0.010218
2.3400	0.5641	0.2245	1.6642	0.0750	8.634421	0.064051	0.964620	0.014257
2.3450	0.5540	0.2269	1.6608	0.0738	8.802119	0.108304	0.936144	0.011059
2.3500	0.5411	0.2306	1.6558	0.0736	9.096120	0.114725	0.936706	0.013837
2.3550	0.5333	0.2292	1.6518	0.0739	8.854563	0.109010	0.920294	0.009355
2.3600	0.5258	0.2313	1.6480	0.0737	9.016263	0.071890	0.918062	0.009069
2.3650	0.5163	0.2318	1.6445	0.0728	9.089129	0.099998	0.901577	0.011078
2.3700	0.5069	0.2308	1.6408	0.0730	9.008233	0.097306	0.894483	0.010818
2.3750	0.4961	0.2341	1.6375	0.0734	9.194731	0.084297	0.899753	0.009292
2.3800	0.4917	0.2317	1.6347	0.0733	9.029381	0.065073	0.911643	0.007621
2.3850	0.4813	0.2315	1.6291	0.0728	8.989449	0.084711	0.890942	0.009576
2.3900	0.4736	0.2321	1.6269	0.0719	9.039897	0.066059	0.856583	0.006321
2.3950	0.4655	0.2302	1.6218	0.0711	8.771363	0.067913	0.842516	0.009788
2.4000	0.4524	0.2294	1.6182	0.0709	8.772819	0.067545	0.844820	0.007849
2.4050	0.4468	0.2286	1.6157	0.0709	8.701677	0.088908	0.835216	0.010130
2.4100	0.4393	0.2272	1.6115	0.0704	8.523910	0.069495	0.827735	0.008823
2.4150	0.4300	0.2281	1.6090	0.0699	8.610813	0.076978	0.798754	0.013266
2.4200	0.4243	0.2254	1.6047	0.0692	8.379125	0.055095	0.796150	0.008990
2.4250	0.4164	0.2229	1.6018	0.0687	8.170360	0.080552	0.779975	0.009329
2.4300	0.4064	0.2229	1.5974	0.0681	8.156856	0.046628	0.755274	0.010773
2.4350	0.3975	0.2240	1.5947	0.0687	8.269811	0.089869	0.771571	0.008025
2.4400	0.3931	0.2222	1.5922	0.0683	8.109284	0.062038	0.765604	0.007397
2.4450	0.3844	0.2206	1.5893	0.0679	7.985091	0.064530	0.746804	0.008173
2.4500	0.3754	0.2184	1.5852	0.0661	7.741534	0.069925	0.711782	0.008861
2.4550	0.3738	0.2177	1.5851	0.0659	7.734349	0.068114	0.704743	0.006837
2.4600	0.3647	0.2158	1.5799	0.0657	7.591152	0.102472	0.696621	0.007991
2.4650	0.3594	0.2126	1.5768	0.0648	7.338252	0.077945	0.674432	0.005221
2.4700	0.3511	0.2115	1.5738	0.0644	7.236024	0.052454	0.674853	0.005111
2.4750	0.3502	0.2105	1.5719	0.0645	7.153618	0.062569	0.669578	0.009824
2.4800	0.3399	0.2073	1.5695	0.0629	6.959342	0.058882	0.634797	0.004614
2.4850	0.3342	0.2061	1.5664	0.0631	6.815022	0.074592	0.641073	0.010268
2.4900	0.3316	0.2036	1.5645	0.0628	6.661152	0.058850	0.634163	0.009905
2.4950	0.3276	0.2051	1.5615	0.0625	6.726109	0.054963	0.629212	0.007518
2.5000	0.3216	0.2023	1.5597	0.0620	6.566086	0.068716	0.614096	0.007042
2.5050	0.3150	0.1989	1.5575	0.0618	6.353134	0.031500	0.610937	0.009564
2.5100	0.3105	0.1988	1.5535	0.0621	6.286335	0.047412	0.613281	0.009327
2.5150	0.3094	0.1956	1.5527	0.0618	6.095920	0.036830	0.608510	0.005460
2.5200	0.3011	0.1955	1.5488	0.0611	6.023475	0.043563	0.592770	0.008319
2.5250	0.2948	0.1927	1.5467	0.0606	5.879281	0.049471	0.582481	0.006679
2.5300	0.2949	0.1918	1.5455	0.0600	5.816534	0.063596	0.565012	0.008221
2.5350	0.2881	0.1889	1.5428	0.0599	5.614306	0.088982	0.573515	0.006759
2.5400	0.2876	0.1869	1.5402	0.0600	5.508086	0.055241	0.563515	0.008549
2.5450	0.2811	0.1851	1.5379	0.0591	5.379358	0.025104	0.550977	0.009201
2.5500	0.2713	0.1821	1.5355	0.0581	5.214277	0.037373	0.532478	0.004266
2.5550	0.2751	0.1803	1.5340	0.0579	5.099014	0.109474	0.523359	0.004269
2.5600	0.2669	0.1799	1.5317	0.0577	5.071012	0.044328	0.520768	0.004861
2.5650	0.2656	0.1769	1.5291	0.0577	4.832103	0.047380	0.521594	0.006441
2.5700	0.2614	0.1760	1.5263	0.0573	4.855475	0.043489	0.510765	0.008910
2.5750	0.2611	0.1759	1.5268	0.0568	4.807741	0.019759	0.500351	0.005772
2.5800	0.2593	0.1737	1.5236	0.0579	4.649804	0.032329	0.518062	0.006467
2.5850	0.2541	0.1732	1.5220	0.0573	4.645368	0.041231	0.505610	0.007398
2.5900	0.2511	0.1702	1.5208	0.0576	4.435674	0.064820	0.511074	0.005346
2.5950	0.2456	0.1683	1.5179	0.0564	4.375633	0.038613	0.493120	0.007791
2.6000	0.2435	0.1664	1.5161	0.0564	4.257552	0.068315	0.492428	0.006491
2.6050	0.2402	0.1648	1.5132	0.0558	4.164247	0.028760	0.482183	0.007539
2.6100	0.2376	0.1657	1.5118	0.0554	4.209223	0.080576	0.468677	0.007159
2.6150	0.2355	0.1629	1.5114	0.0551	4.096994	0.064521	0.467803	0.005970
2.6200	0.2346	0.1623	1.5083	0.0553	3.968636	0.057162	0.467355	0.007814
2.6250	0.2345	0.1626	1.5079	0.0553	4.042991	0.054998	0.465989	0.007895
2.6300	0.2261	0.1585	1.5043	0.0550	3.795473	0.045087	0.455712	0.004811
2.6350	0.2262	0.1586	1.5039	0.0553	3.839058	0.053615	0.461107	0.007376
2.6400	0.2268	0.1581	1.5021	0.0546	3.779081	0.027417	0.456592	0.007744
2.6450	0.2196	0.1536	1.4997	0.0540	3.544427	0.049748	0.441580	0.005361
2.6500	0.2184	0.1548	1.4991	0.0543	3.639099	0.047724	0.448737	0.005294
2.6550	0.2156	0.1531	1.4967	0.0540	3.506554	0.067292	0.439342	0.005410
2.6600	0.2144	0.1501	1.4948	0.0532	3.417438	0.043516	0.425013	0.007941
2.6650	0.2120	0.1516	1.4940	0.0539	3.452699	0.045507	0.436723	0.007475
2.6700	0.2095	0.1493	1.4910	0.0540	3.348482	0.031372	0.434068	0.006333
2.6750	0.2086	0.1476	1.4901	0.0538	3.285867	0.053704	0.430657	0.007501
2.6800	0.2035	0.1458	1.4885	0.0537	3.170843	0.031371	0.433813	0.006944
2.6850	0.2026	0.1442	1.4869	0.0523	3.114662	0.026988	0.403505	0.007551
2.6900	0.2001	0.1432	1.4853	0.0527	3.037189	0.040380	0.417920	0.004927
2.6950	0.1993	0.1423	1.4827	0.0525	3.013832	0.051659	0.409525	0.006494
2.7000	0.1983	0.1432	1.4818	0.0526	3.054193	0.056998	0.410809	0.005472
2.7050	0.1987	0.1406	1.4811	0.0523	2.937923	0.044126	0.409233	0.004234
2.7100	0.1967	0.1412	1.4795	0.0532	2.947255	0.039621	0.412897	0.004195
2.7150	0.1916	0.1380	1.4776	0.0523	2.804939	0.037362	0.401816	0.005258
2.7200	0.1905	0.1377	1.4765	0.0521	2.793860	0.023507	0.398678	0.005175
2.7250	0.1918	0.1389	1.4749	0.0525	2.814279	0.034208	0.401734	0.006267
2.7300	0.1894	0.1368	1.4740	0.0521	2.741750	0.040029	0.397230	0.005719
2.7350	0.1864	0.1345	1.4718	0.0514	2.667907	0.034506	0.389004	0.006315
2.7400	0.1851	0.1330	1.4699	0.0512	2.571910	0.023089	0.379324	0.005954
2.7450	0.1829	0.1317	1.4693	0.0506	2.531319	0.032491	0.374171	0.005817
2.7500	0.1842	0.1352	1.4684	0.0515	2.675535	0.047618	0.385847	0.003656
2.8000	0.1694	0.1242	1.4551	0.0508	2.220553	0.028337	0.367460	0.002701
2.8500	0.1595	0.1163	1.4414	0.0491	1.909693	0.028283	0.339016	0.004508
2.9000	0.1524	0.1118	1.4300	0.0491	1.722801	0.017827	0.329247	0.002235
2.9500	0.1448	0.1067	1.4188	0.0482	1.552454	0.015329	0.315126	0.002478
3.0000	0.1362	0.1010	1.4085	0.0471	1.351856	0.027926	0.299397	0.003443
3.0500	0.1310	0.0970	1.3993	0.0472	1.230719	0.016551	0.291240	0.003958
3.1000	0.1274	0.0939	1.3899	0.0468	1.137874	0.013633	0.283932	0.003673
3.1500	0.1194	0.0886	1.3809	0.0465	1.009972	0.009084	0.273594	0.004470
3.2000	0.1173	0.0871	1.3731	0.0460	0.944622	0.016853	0.266079	0.003443
3.2500	0.1141	0.0856	1.3644	0.0453	0.895595	0.011637	0.250187	0.004122
3.3000	0.1112	0.0832	1.3573	0.0452	0.846739	0.011153	0.248521	0.004072
3.3500	0.1068	0.0803	1.3500	0.0450	0.760612	0.015209	0.238764	0.004094
3.4000	0.1041	0.0776	1.3432	0.0446	0.707629	0.009936	0.234211	0.003633
3.4500	0.1021	0.0756	1.3370	0.0439	0.669971	0.008342	0.222453	0.003188
3.5000	0.0973	0.0732	1.3300	0.0435	0.613983	0.006843	0.216123	0.002106
3.5500	0.0961	0.0715	1.3231	0.0433	0.574226	0.010185	0.208677	0.002706
3.6000	0.0940	0.0701	1.3180	0.0431	0.553518	0.007570	0.205795	0.002800
3.6500	0.0938	0.0696	1.3135	0.0431	0.527561	0.006799	0.203958	0.003174
3.7000	0.0915	0.0678	1.3073	0.0426	0.501052	0.007127	0.197324	0.001741
3.7500	0.0897	0.0671	1.3022	0.0423	0.477476	0.005349	0.192294	0.002161
3.8000	0.0881	0.0651	1.2968	0.0419	0.446696	0.008055	0.185273	0.002876
3.8500	0.0865	0.0650	1.2925	0.0422	0.436227	0.005354	0.185039	0.002985
3.9000	0.0843	0.0635	1.2876	0.0417	0.412115	0.006479	0.177882	0.001655
3.9500	0.0845	0.0636	1.2831	0.0411	0.409772	0.006081	0.170452	0.002038
4.0000	0.0838	0.0620	1.2781	0.0410	0.384481	0.004731	0.168534	0.002632
4.0500	0.0810	0.0606	1.2744	0.0415	0.363366	0.003829	0.169071	0.002548
4.1000	0.0798	0.0603	1.2708	0.0410	0.349870	0.004554	0.162974	0.002492
4.1500	0.0787	0.0600	1.2665	0.0414	0.349117	0.005577	0.163868	0.001891
4.2000	0.0787	0.0592	1.2621	0.0407	0.332794	0.006245	0.157202	0.002393
4.2500	0.0776	0.0579	1.2596	0.0403	0.318397	0.005451	0.154726	0.001544
4.3000	0.0766	0.0578	1.2549	0.0405	0.311285	0.006624	0.152699	0.001946
4.3500	0.0769	0.0570	1.2515	0.0406	0.299984	0.005789	0.152923	0.002129
4.4000	0.0747	0.0560	1.2485	0.0399	0.283870	0.005456	0.145925	0.001651
4.4500	0.0743	0.0558	1.2453	0.0398	0.282451	0.003945	0.144875	0.001386
4.5000	0.0730	0.0546	1.2419	0.0394	0.263520	0.005422	0.136552	0.001484
4.5500	0.0718	0.0545	1.2382	0.0398	0.261467	0.003214	0.139804	0.001470
4.6000	0.0716	0.0537	1.2347	0.0399	0.249112	0.004591	0.137721	0.001145
4.6500	0.0725	0.0548	1.2330	0.0402	0.257998	0.003310	0.139119	0.001657
4.7000	0.0704	0.0529	1.2300	0.0394	0.236800	0.004278	0.131818	0.000979
4.7500	0.0698	0.0519	1.2266	0.0399	0.231463	0.003751	0.133224	0.000756
4.8000	0.0699	0.0516	1.2240	0.0388	0.224900	0.003457	0.125937	0.001782
4.8500	0.0683	0.0518	1.2208	0.0396	0.221147	0.002874	0.129457	0.001916
4.9000	0.0683	0.0516	1.2193	0.0393	0.219029	0.002471	0.126517	0.001738
4.9500	0.0683	0.0513	1.2170	0.0389	0.215519	0.003173	0.122064	0.002476
5.0000	0.0675	0.0508	1.2136	0.0386	0.207210	0.004026	0.118200	0.001419
5.0500	0.0672	0.0509	1.2113	0.0394	0.207758	0.003332	0.122909	0.001601
5.1000	0.0667	0.0503	1.2099	0.0387	0.195753	0.001833	0.118301	0.001240
5.1500	0.0665	0.0499	1.2071	0.0389	0.194502	0.004295	0.117684	0.001873
5.2000	0.0659	0.0500	1.2049	0.0390	0.192750	0.001961	0.117451	0.001564
5.2500	0.0649	0.0500	1.2029	0.0392	0.189401	0.003210	0.116051	0.001627
5.3000	0.0652	0.0490	1.2008	0.0385	0.181473	0.002639	0.111436	0.002031
5.3500	0.0648	0.0486	1.1979	0.0382	0.180077	0.002546	0.109824	0.000893
5.4000	0.0644	0.0483	1.1967	0.0385	0.172590	0.003027	0.109235	0.001678
5.4500	0.0637	0.0474	1.1946	0.0384	0.165869	0.002218	0.108697	0.001526
5.5000	0.0631	0.0476	1.1917	0.0385	0.164340	0.002415	0.107881	0.001493
